Automatically generated mesh
     328
Reciprocal lattice
    0.00000000000000    0.00000000000000    0.00000000000000             1
    0.04545454545455    0.00000000000000    0.00000000000000             8
    0.09090909090909    0.00000000000000    0.00000000000000             8
    0.13636363636363    0.00000000000000    0.00000000000000             8
    0.18181818181818    0.00000000000000    0.00000000000000             8
    0.22727272727273    0.00000000000000    0.00000000000000             8
    0.27272727272727    0.00000000000000    0.00000000000000             8
    0.31818181818182    0.00000000000000    0.00000000000000             8
    0.36363636363637    0.00000000000000    0.00000000000000             8
    0.40909090909091    0.00000000000000    0.00000000000000             8
    0.45454545454545    0.00000000000000    0.00000000000000             8
    0.50000000000000    0.00000000000000    0.00000000000000             4
    0.04545454545455    0.04545454545455    0.00000000000000             6
    0.09090909090909    0.04545454545455    0.00000000000000            24
    0.13636363636363    0.04545454545455    0.00000000000000            24
    0.18181818181818    0.04545454545455    0.00000000000000            24
    0.22727272727273    0.04545454545455    0.00000000000000            24
    0.27272727272727    0.04545454545455    0.00000000000000            24
    0.31818181818182    0.04545454545455    0.00000000000000            24
    0.36363636363637    0.04545454545455    0.00000000000000            24
    0.40909090909091    0.04545454545455    0.00000000000000            24
    0.45454545454545    0.04545454545455    0.00000000000000            24
    0.50000000000000    0.04545454545455    0.00000000000000            24
   -0.45454545454545    0.04545454545455    0.00000000000000            24
   -0.40909090909091    0.04545454545455    0.00000000000000            24
   -0.36363636363637    0.04545454545455    0.00000000000000            24
   -0.31818181818182    0.04545454545455    0.00000000000000            24
   -0.27272727272727    0.04545454545455    0.00000000000000            24
   -0.22727272727273    0.04545454545455    0.00000000000000            24
   -0.18181818181818    0.04545454545455    0.00000000000000            24
   -0.13636363636363    0.04545454545455    0.00000000000000            24
   -0.09090909090909    0.04545454545455    0.00000000000000            24
   -0.04545454545455    0.04545454545455    0.00000000000000            12
    0.09090909090909    0.09090909090909    0.00000000000000             6
    0.13636363636363    0.09090909090909    0.00000000000000            24
    0.18181818181818    0.09090909090909    0.00000000000000            24
    0.22727272727273    0.09090909090909    0.00000000000000            24
    0.27272727272727    0.09090909090909    0.00000000000000            24
    0.31818181818182    0.09090909090909    0.00000000000000            24
    0.36363636363637    0.09090909090909    0.00000000000000            24
    0.40909090909091    0.09090909090909    0.00000000000000            24
    0.45454545454545    0.09090909090909    0.00000000000000            24
    0.50000000000000    0.09090909090909    0.00000000000000            24
   -0.45454545454545    0.09090909090909    0.00000000000000            24
   -0.40909090909091    0.09090909090909    0.00000000000000            24
   -0.36363636363637    0.09090909090909    0.00000000000000            24
   -0.31818181818182    0.09090909090909    0.00000000000000            24
   -0.27272727272727    0.09090909090909    0.00000000000000            24
   -0.22727272727273    0.09090909090909    0.00000000000000            24
   -0.18181818181818    0.09090909090909    0.00000000000000            24
   -0.13636363636363    0.09090909090909    0.00000000000000            24
   -0.09090909090909    0.09090909090909    0.00000000000000            12
    0.13636363636363    0.13636363636363    0.00000000000000             6
    0.18181818181818    0.13636363636363    0.00000000000000            24
    0.22727272727273    0.13636363636363    0.00000000000000            24
    0.27272727272727    0.13636363636363    0.00000000000000            24
    0.31818181818182    0.13636363636363    0.00000000000000            24
    0.36363636363637    0.13636363636363    0.00000000000000            24
    0.40909090909091    0.13636363636363    0.00000000000000            24
    0.45454545454545    0.13636363636363    0.00000000000000            24
    0.50000000000000    0.13636363636363    0.00000000000000            24
   -0.45454545454545    0.13636363636363    0.00000000000000            24
   -0.40909090909091    0.13636363636363    0.00000000000000            24
   -0.36363636363637    0.13636363636363    0.00000000000000            24
   -0.31818181818182    0.13636363636363    0.00000000000000            24
   -0.27272727272727    0.13636363636363    0.00000000000000            24
   -0.22727272727273    0.13636363636363    0.00000000000000            24
   -0.18181818181818    0.13636363636363    0.00000000000000            24
   -0.13636363636363    0.13636363636363    0.00000000000000            12
    0.18181818181818    0.18181818181818    0.00000000000000             6
    0.22727272727273    0.18181818181818    0.00000000000000            24
    0.27272727272727    0.18181818181818    0.00000000000000            24
    0.31818181818182    0.18181818181818    0.00000000000000            24
    0.36363636363637    0.18181818181818    0.00000000000000            24
    0.40909090909091    0.18181818181818    0.00000000000000            24
    0.45454545454545    0.18181818181818    0.00000000000000            24
    0.50000000000000    0.18181818181818    0.00000000000000            24
   -0.45454545454545    0.18181818181818    0.00000000000000            24
   -0.40909090909091    0.18181818181818    0.00000000000000            24
   -0.36363636363637    0.18181818181818    0.00000000000000            24
   -0.31818181818182    0.18181818181818    0.00000000000000            24
   -0.27272727272727    0.18181818181818    0.00000000000000            24
   -0.22727272727273    0.18181818181818    0.00000000000000            24
   -0.18181818181818    0.18181818181818    0.00000000000000            12
    0.22727272727273    0.22727272727273    0.00000000000000             6
    0.27272727272727    0.22727272727273    0.00000000000000            24
    0.31818181818182    0.22727272727273    0.00000000000000            24
    0.36363636363637    0.22727272727273    0.00000000000000            24
    0.40909090909091    0.22727272727273    0.00000000000000            24
    0.45454545454545    0.22727272727273    0.00000000000000            24
    0.50000000000000    0.22727272727273    0.00000000000000            24
   -0.45454545454545    0.22727272727273    0.00000000000000            24
   -0.40909090909091    0.22727272727273    0.00000000000000            24
   -0.36363636363637    0.22727272727273    0.00000000000000            24
   -0.31818181818182    0.22727272727273    0.00000000000000            24
   -0.27272727272727    0.22727272727273    0.00000000000000            24
   -0.22727272727273    0.22727272727273    0.00000000000000            12
    0.27272727272727    0.27272727272727    0.00000000000000             6
    0.31818181818182    0.27272727272727    0.00000000000000            24
    0.36363636363637    0.27272727272727    0.00000000000000            24
    0.40909090909091    0.27272727272727    0.00000000000000            24
    0.45454545454545    0.27272727272727    0.00000000000000            24
    0.50000000000000    0.27272727272727    0.00000000000000            24
   -0.45454545454545    0.27272727272727    0.00000000000000            24
   -0.40909090909091    0.27272727272727    0.00000000000000            24
   -0.36363636363637    0.27272727272727    0.00000000000000            24
   -0.31818181818182    0.27272727272727    0.00000000000000            24
   -0.27272727272727    0.27272727272727    0.00000000000000            12
    0.31818181818182    0.31818181818182    0.00000000000000             6
    0.36363636363637    0.31818181818182    0.00000000000000            24
    0.40909090909091    0.31818181818182    0.00000000000000            24
    0.45454545454545    0.31818181818182    0.00000000000000            24
    0.50000000000000    0.31818181818182    0.00000000000000            24
   -0.45454545454545    0.31818181818182    0.00000000000000            24
   -0.40909090909091    0.31818181818182    0.00000000000000            24
   -0.36363636363637    0.31818181818182    0.00000000000000            24
   -0.31818181818182    0.31818181818182    0.00000000000000            12
    0.36363636363637    0.36363636363637    0.00000000000000             6
    0.40909090909091    0.36363636363637    0.00000000000000            24
    0.45454545454545    0.36363636363637    0.00000000000000            24
    0.50000000000000    0.36363636363637    0.00000000000000            24
   -0.45454545454545    0.36363636363637    0.00000000000000            24
   -0.40909090909091    0.36363636363637    0.00000000000000            24
   -0.36363636363637    0.36363636363637    0.00000000000000            12
    0.40909090909091    0.40909090909091    0.00000000000000             6
    0.45454545454545    0.40909090909091    0.00000000000000            24
    0.50000000000000    0.40909090909091    0.00000000000000            24
   -0.45454545454545    0.40909090909091    0.00000000000000            24
   -0.40909090909091    0.40909090909091    0.00000000000000            12
    0.45454545454545    0.45454545454545    0.00000000000000             6
    0.50000000000000    0.45454545454545    0.00000000000000            24
   -0.45454545454545    0.45454545454545    0.00000000000000            12
    0.50000000000000    0.50000000000000    0.00000000000000             3
    0.13636363636363    0.09090909090909    0.04545454545455            24
    0.18181818181818    0.09090909090909    0.04545454545455            48
    0.22727272727273    0.09090909090909    0.04545454545455            48
    0.27272727272727    0.09090909090909    0.04545454545455            48
    0.31818181818182    0.09090909090909    0.04545454545455            48
    0.36363636363637    0.09090909090909    0.04545454545455            48
    0.40909090909091    0.09090909090909    0.04545454545455            48
    0.45454545454545    0.09090909090909    0.04545454545455            48
    0.50000000000000    0.09090909090909    0.04545454545455            48
   -0.45454545454545    0.09090909090909    0.04545454545455            24
    0.18181818181818    0.13636363636363    0.04545454545455            24
    0.22727272727273    0.13636363636363    0.04545454545455            48
    0.27272727272727    0.13636363636363    0.04545454545455            48
    0.31818181818182    0.13636363636363    0.04545454545455            48
    0.36363636363637    0.13636363636363    0.04545454545455            48
    0.40909090909091    0.13636363636363    0.04545454545455            48
    0.45454545454545    0.13636363636363    0.04545454545455            48
    0.50000000000000    0.13636363636363    0.04545454545455            48
   -0.45454545454545    0.13636363636363    0.04545454545455            48
   -0.40909090909091    0.13636363636363    0.04545454545455            48
   -0.36363636363637    0.13636363636363    0.04545454545455            48
   -0.31818181818182    0.13636363636363    0.04545454545455            48
   -0.27272727272727    0.13636363636363    0.04545454545455            48
   -0.22727272727273    0.13636363636363    0.04545454545455            48
   -0.18181818181818    0.13636363636363    0.04545454545455            48
   -0.13636363636363    0.13636363636363    0.04545454545455            48
   -0.09090909090909    0.13636363636363    0.04545454545455            24
    0.22727272727273    0.18181818181818    0.04545454545455            24
    0.27272727272727    0.18181818181818    0.04545454545455            48
    0.31818181818182    0.18181818181818    0.04545454545455            48
    0.36363636363637    0.18181818181818    0.04545454545455            48
    0.40909090909091    0.18181818181818    0.04545454545455            48
    0.45454545454545    0.18181818181818    0.04545454545455            48
    0.50000000000000    0.18181818181818    0.04545454545455            48
   -0.45454545454545    0.18181818181818    0.04545454545455            48
   -0.40909090909091    0.18181818181818    0.04545454545455            48
   -0.36363636363637    0.18181818181818    0.04545454545455            48
   -0.31818181818182    0.18181818181818    0.04545454545455            48
   -0.27272727272727    0.18181818181818    0.04545454545455            48
   -0.22727272727273    0.18181818181818    0.04545454545455            48
   -0.18181818181818    0.18181818181818    0.04545454545455            48
   -0.13636363636363    0.18181818181818    0.04545454545455            24
    0.27272727272727    0.22727272727273    0.04545454545455            24
    0.31818181818182    0.22727272727273    0.04545454545455            48
    0.36363636363637    0.22727272727273    0.04545454545455            48
    0.40909090909091    0.22727272727273    0.04545454545455            48
    0.45454545454545    0.22727272727273    0.04545454545455            48
    0.50000000000000    0.22727272727273    0.04545454545455            48
   -0.45454545454545    0.22727272727273    0.04545454545455            48
   -0.40909090909091    0.22727272727273    0.04545454545455            48
   -0.36363636363637    0.22727272727273    0.04545454545455            48
   -0.31818181818182    0.22727272727273    0.04545454545455            48
   -0.27272727272727    0.22727272727273    0.04545454545455            48
   -0.22727272727273    0.22727272727273    0.04545454545455            48
   -0.18181818181818    0.22727272727273    0.04545454545455            24
    0.31818181818182    0.27272727272727    0.04545454545455            24
    0.36363636363637    0.27272727272727    0.04545454545455            48
    0.40909090909091    0.27272727272727    0.04545454545455            48
    0.45454545454545    0.27272727272727    0.04545454545455            48
    0.50000000000000    0.27272727272727    0.04545454545455            48
   -0.45454545454545    0.27272727272727    0.04545454545455            48
   -0.40909090909091    0.27272727272727    0.04545454545455            48
   -0.36363636363637    0.27272727272727    0.04545454545455            48
   -0.31818181818182    0.27272727272727    0.04545454545455            48
   -0.27272727272727    0.27272727272727    0.04545454545455            48
   -0.22727272727273    0.27272727272727    0.04545454545455            24
    0.36363636363637    0.31818181818182    0.04545454545455            24
    0.40909090909091    0.31818181818182    0.04545454545455            48
    0.45454545454545    0.31818181818182    0.04545454545455            48
    0.50000000000000    0.31818181818182    0.04545454545455            48
   -0.45454545454545    0.31818181818182    0.04545454545455            48
   -0.40909090909091    0.31818181818182    0.04545454545455            48
   -0.36363636363637    0.31818181818182    0.04545454545455            48
   -0.31818181818182    0.31818181818182    0.04545454545455            48
   -0.27272727272727    0.31818181818182    0.04545454545455            24
    0.40909090909091    0.36363636363637    0.04545454545455            24
    0.45454545454545    0.36363636363637    0.04545454545455            48
    0.50000000000000    0.36363636363637    0.04545454545455            48
   -0.45454545454545    0.36363636363637    0.04545454545455            48
   -0.40909090909091    0.36363636363637    0.04545454545455            48
   -0.36363636363637    0.36363636363637    0.04545454545455            48
   -0.31818181818182    0.36363636363637    0.04545454545455            24
    0.45454545454545    0.40909090909091    0.04545454545455            24
    0.50000000000000    0.40909090909091    0.04545454545455            48
   -0.45454545454545    0.40909090909091    0.04545454545455            48
   -0.40909090909091    0.40909090909091    0.04545454545455            48
   -0.36363636363637    0.40909090909091    0.04545454545455            24
    0.50000000000000    0.45454545454545    0.04545454545455            24
   -0.45454545454545    0.45454545454545    0.04545454545455            48
   -0.40909090909091    0.45454545454545    0.04545454545455            24
   -0.45454545454545    0.50000000000000    0.04545454545455            12
    0.27272727272727    0.18181818181818    0.09090909090909            24
    0.31818181818182    0.18181818181818    0.09090909090909            48
    0.36363636363637    0.18181818181818    0.09090909090909            48
    0.40909090909091    0.18181818181818    0.09090909090909            48
    0.45454545454545    0.18181818181818    0.09090909090909            48
    0.50000000000000    0.18181818181818    0.09090909090909            48
   -0.45454545454545    0.18181818181818    0.09090909090909            48
   -0.40909090909091    0.18181818181818    0.09090909090909            24
    0.31818181818182    0.22727272727273    0.09090909090909            24
    0.36363636363637    0.22727272727273    0.09090909090909            48
    0.40909090909091    0.22727272727273    0.09090909090909            48
    0.45454545454545    0.22727272727273    0.09090909090909            48
    0.50000000000000    0.22727272727273    0.09090909090909            48
   -0.45454545454545    0.22727272727273    0.09090909090909            48
   -0.40909090909091    0.22727272727273    0.09090909090909            48
   -0.36363636363637    0.22727272727273    0.09090909090909            48
   -0.31818181818182    0.22727272727273    0.09090909090909            48
   -0.27272727272727    0.22727272727273    0.09090909090909            48
   -0.22727272727273    0.22727272727273    0.09090909090909            48
   -0.18181818181818    0.22727272727273    0.09090909090909            48
   -0.13636363636363    0.22727272727273    0.09090909090909            24
    0.36363636363637    0.27272727272727    0.09090909090909            24
    0.40909090909091    0.27272727272727    0.09090909090909            48
    0.45454545454545    0.27272727272727    0.09090909090909            48
    0.50000000000000    0.27272727272727    0.09090909090909            48
   -0.45454545454545    0.27272727272727    0.09090909090909            48
   -0.40909090909091    0.27272727272727    0.09090909090909            48
   -0.36363636363637    0.27272727272727    0.09090909090909            48
   -0.31818181818182    0.27272727272727    0.09090909090909            48
   -0.27272727272727    0.27272727272727    0.09090909090909            48
   -0.22727272727273    0.27272727272727    0.09090909090909            48
   -0.18181818181818    0.27272727272727    0.09090909090909            24
    0.40909090909091    0.31818181818182    0.09090909090909            24
    0.45454545454545    0.31818181818182    0.09090909090909            48
    0.50000000000000    0.31818181818182    0.09090909090909            48
   -0.45454545454545    0.31818181818182    0.09090909090909            48
   -0.40909090909091    0.31818181818182    0.09090909090909            48
   -0.36363636363637    0.31818181818182    0.09090909090909            48
   -0.31818181818182    0.31818181818182    0.09090909090909            48
   -0.27272727272727    0.31818181818182    0.09090909090909            48
   -0.22727272727273    0.31818181818182    0.09090909090909            24
    0.45454545454545    0.36363636363637    0.09090909090909            24
    0.50000000000000    0.36363636363637    0.09090909090909            48
   -0.45454545454545    0.36363636363637    0.09090909090909            48
   -0.40909090909091    0.36363636363637    0.09090909090909            48
   -0.36363636363637    0.36363636363637    0.09090909090909            48
   -0.31818181818182    0.36363636363637    0.09090909090909            48
   -0.27272727272727    0.36363636363637    0.09090909090909            24
    0.50000000000000    0.40909090909091    0.09090909090909            24
   -0.45454545454545    0.40909090909091    0.09090909090909            48
   -0.40909090909091    0.40909090909091    0.09090909090909            48
   -0.36363636363637    0.40909090909091    0.09090909090909            48
   -0.31818181818182    0.40909090909091    0.09090909090909            24
   -0.45454545454545    0.45454545454545    0.09090909090909            24
   -0.40909090909091    0.45454545454545    0.09090909090909            48
   -0.36363636363637    0.45454545454545    0.09090909090909            24
   -0.40909090909091    0.50000000000000    0.09090909090909            12
    0.40909090909091    0.27272727272727    0.13636363636363            24
    0.45454545454545    0.27272727272727    0.13636363636363            48
    0.50000000000000    0.27272727272727    0.13636363636363            48
   -0.45454545454545    0.27272727272727    0.13636363636363            48
   -0.40909090909091    0.27272727272727    0.13636363636363            48
   -0.36363636363637    0.27272727272727    0.13636363636363            24
    0.45454545454545    0.31818181818182    0.13636363636363            24
    0.50000000000000    0.31818181818182    0.13636363636363            48
   -0.45454545454545    0.31818181818182    0.13636363636363            48
   -0.40909090909091    0.31818181818182    0.13636363636363            48
   -0.36363636363637    0.31818181818182    0.13636363636363            48
   -0.31818181818182    0.31818181818182    0.13636363636363            48
   -0.27272727272727    0.31818181818182    0.13636363636363            48
   -0.22727272727273    0.31818181818182    0.13636363636363            48
   -0.18181818181818    0.31818181818182    0.13636363636363            24
    0.50000000000000    0.36363636363637    0.13636363636363            24
   -0.45454545454545    0.36363636363637    0.13636363636363            48
   -0.40909090909091    0.36363636363637    0.13636363636363            48
   -0.36363636363637    0.36363636363637    0.13636363636363            48
   -0.31818181818182    0.36363636363637    0.13636363636363            48
   -0.27272727272727    0.36363636363637    0.13636363636363            48
   -0.22727272727273    0.36363636363637    0.13636363636363            24
   -0.45454545454545    0.40909090909091    0.13636363636363            24
   -0.40909090909091    0.40909090909091    0.13636363636363            48
   -0.36363636363637    0.40909090909091    0.13636363636363            48
   -0.31818181818182    0.40909090909091    0.13636363636363            48
   -0.27272727272727    0.40909090909091    0.13636363636363            24
   -0.40909090909091    0.45454545454545    0.13636363636363            24
   -0.36363636363637    0.45454545454545    0.13636363636363            48
   -0.31818181818182    0.45454545454545    0.13636363636363            24
   -0.36363636363637    0.50000000000000    0.13636363636363            12
   -0.45454545454545    0.36363636363637    0.18181818181818            24
   -0.40909090909091    0.36363636363637    0.18181818181818            48
   -0.36363636363637    0.36363636363637    0.18181818181818            48
   -0.31818181818182    0.36363636363637    0.18181818181818            24
   -0.40909090909091    0.40909090909091    0.18181818181818            24
   -0.36363636363637    0.40909090909091    0.18181818181818            48
   -0.31818181818182    0.40909090909091    0.18181818181818            48
   -0.27272727272727    0.40909090909091    0.18181818181818            48
   -0.22727272727273    0.40909090909091    0.18181818181818            24
   -0.36363636363637    0.45454545454545    0.18181818181818            24
   -0.31818181818182    0.45454545454545    0.18181818181818            48
   -0.27272727272727    0.45454545454545    0.18181818181818            24
   -0.31818181818182    0.50000000000000    0.18181818181818            12
   -0.31818181818182    0.45454545454545    0.22727272727273            24
   -0.27272727272727    0.45454545454545    0.22727272727273            24
   -0.27272727272727    0.50000000000000    0.22727272727273            12
