Automatically generated mesh
      68
Reciprocal lattice
    0.04166666666667    0.04166666666667    0.04166666666667             8
    0.12500000000000    0.04166666666667    0.04166666666667            24
    0.20833333333334    0.04166666666667    0.04166666666667            24
    0.29166666666667    0.04166666666667    0.04166666666667            24
    0.37500000000000    0.04166666666667    0.04166666666667            24
    0.45833333333334    0.04166666666667    0.04166666666667            12
   -0.04166666666666    0.04166666666667    0.04166666666667             6
    0.12500000000000    0.12500000000000    0.04166666666667            24
    0.20833333333334    0.12500000000000    0.04166666666667            48
    0.29166666666667    0.12500000000000    0.04166666666667            48
    0.37500000000000    0.12500000000000    0.04166666666667            48
   -0.12500000000000    0.12500000000000    0.04166666666667            24
    0.20833333333334    0.20833333333334    0.04166666666667            24
    0.29166666666667    0.20833333333334    0.04166666666667            48
    0.37500000000000    0.20833333333334    0.04166666666667            24
   -0.20833333333333    0.20833333333334    0.04166666666667            24
   -0.12500000000000    0.20833333333334    0.04166666666667            24
    0.29166666666667    0.29166666666667    0.04166666666667            24
   -0.29166666666666    0.29166666666667    0.04166666666667            24
   -0.20833333333333    0.29166666666667    0.04166666666667            48
   -0.37500000000000    0.37500000000000    0.04166666666667            24
   -0.29166666666666    0.37500000000000    0.04166666666667            48
   -0.20833333333333    0.37500000000000    0.04166666666667            24
   -0.45833333333333    0.45833333333334    0.04166666666667            24
   -0.37500000000000    0.45833333333334    0.04166666666667            48
   -0.29166666666666    0.45833333333334    0.04166666666667            48
   -0.45833333333333   -0.45833333333333    0.04166666666667            24
   -0.37500000000000   -0.45833333333333    0.04166666666667            48
   -0.29166666666666   -0.45833333333333    0.04166666666667            24
   -0.37500000000000   -0.37500000000000    0.04166666666667            24
    0.12500000000000    0.12500000000000    0.12500000000000             8
    0.20833333333334    0.12500000000000    0.12500000000000            24
    0.29166666666667    0.12500000000000    0.12500000000000            24
    0.37500000000000    0.12500000000000    0.12500000000000            12
   -0.12500000000000    0.12500000000000    0.12500000000000             6
    0.20833333333334    0.20833333333334    0.12500000000000            24
    0.29166666666667    0.20833333333334    0.12500000000000            48
   -0.20833333333333    0.20833333333334    0.12500000000000            24
    0.29166666666667    0.29166666666667    0.12500000000000             8
   -0.29166666666666    0.29166666666667    0.12500000000000            24
   -0.20833333333333    0.29166666666667    0.12500000000000            24
   -0.37500000000000    0.37500000000000    0.12500000000000            24
   -0.29166666666666    0.37500000000000    0.12500000000000            48
   -0.45833333333333    0.45833333333334    0.12500000000000            24
   -0.37500000000000    0.45833333333334    0.12500000000000            48
   -0.29166666666666    0.45833333333334    0.12500000000000            24
   -0.45833333333333   -0.45833333333333    0.12500000000000            24
   -0.37500000000000   -0.45833333333333    0.12500000000000            48
   -0.37500000000000   -0.37500000000000    0.12500000000000             8
    0.20833333333334    0.20833333333334    0.20833333333334             8
    0.29166666666667    0.20833333333334    0.20833333333334            12
   -0.20833333333333    0.20833333333334    0.20833333333334             6
   -0.29166666666666    0.29166666666667    0.20833333333334            24
   -0.37500000000000    0.37500000000000    0.20833333333334            24
   -0.29166666666666    0.37500000000000    0.20833333333334            24
   -0.45833333333333    0.45833333333334    0.20833333333334            24
   -0.37500000000000    0.45833333333334    0.20833333333334            48
   -0.45833333333333   -0.45833333333333    0.20833333333334            24
   -0.37500000000000   -0.45833333333333    0.20833333333334            24
   -0.29166666666666    0.29166666666667    0.29166666666667             6
   -0.37500000000000    0.37500000000000    0.29166666666667            24
   -0.45833333333333    0.45833333333334    0.29166666666667            24
   -0.37500000000000    0.45833333333334    0.29166666666667            24
   -0.45833333333333   -0.45833333333333    0.29166666666667            24
   -0.37500000000000    0.37500000000000    0.37500000000000             6
   -0.45833333333333    0.45833333333334    0.37500000000000            24
   -0.45833333333333   -0.45833333333333    0.37500000000000             8
   -0.45833333333333    0.45833333333334    0.45833333333334             6
