Automatically generated mesh
    1059
Reciprocal lattice
    0.00000000000000    0.00000000000000    0.00000000000000             1
    0.02941176470589    0.00000000000000    0.00000000000000             8
    0.05882352941177    0.00000000000000    0.00000000000000             8
    0.08823529411765    0.00000000000000    0.00000000000000             8
    0.11764705882353    0.00000000000000    0.00000000000000             8
    0.14705882352941    0.00000000000000    0.00000000000000             8
    0.17647058823530    0.00000000000000    0.00000000000000             8
    0.20588235294118    0.00000000000000    0.00000000000000             8
    0.23529411764706    0.00000000000000    0.00000000000000             8
    0.26470588235294    0.00000000000000    0.00000000000000             8
    0.29411764705883    0.00000000000000    0.00000000000000             8
    0.32352941176470    0.00000000000000    0.00000000000000             8
    0.35294117647059    0.00000000000000    0.00000000000000             8
    0.38235294117647    0.00000000000000    0.00000000000000             8
    0.41176470588236    0.00000000000000    0.00000000000000             8
    0.44117647058823    0.00000000000000    0.00000000000000             8
    0.47058823529412    0.00000000000000    0.00000000000000             8
    0.50000000000000    0.00000000000000    0.00000000000000             4
    0.02941176470589    0.02941176470589    0.00000000000000             6
    0.05882352941177    0.02941176470589    0.00000000000000            24
    0.08823529411765    0.02941176470589    0.00000000000000            24
    0.11764705882353    0.02941176470589    0.00000000000000            24
    0.14705882352941    0.02941176470589    0.00000000000000            24
    0.17647058823530    0.02941176470589    0.00000000000000            24
    0.20588235294118    0.02941176470589    0.00000000000000            24
    0.23529411764706    0.02941176470589    0.00000000000000            24
    0.26470588235294    0.02941176470589    0.00000000000000            24
    0.29411764705883    0.02941176470589    0.00000000000000            24
    0.32352941176470    0.02941176470589    0.00000000000000            24
    0.35294117647059    0.02941176470589    0.00000000000000            24
    0.38235294117647    0.02941176470589    0.00000000000000            24
    0.41176470588236    0.02941176470589    0.00000000000000            24
    0.44117647058823    0.02941176470589    0.00000000000000            24
    0.47058823529412    0.02941176470589    0.00000000000000            24
    0.50000000000000    0.02941176470589    0.00000000000000            24
   -0.47058823529411    0.02941176470589    0.00000000000000            24
   -0.44117647058823    0.02941176470589    0.00000000000000            24
   -0.41176470588235    0.02941176470589    0.00000000000000            24
   -0.38235294117647    0.02941176470589    0.00000000000000            24
   -0.35294117647059    0.02941176470589    0.00000000000000            24
   -0.32352941176470    0.02941176470589    0.00000000000000            24
   -0.29411764705882    0.02941176470589    0.00000000000000            24
   -0.26470588235294    0.02941176470589    0.00000000000000            24
   -0.23529411764706    0.02941176470589    0.00000000000000            24
   -0.20588235294117    0.02941176470589    0.00000000000000            24
   -0.17647058823530    0.02941176470589    0.00000000000000            24
   -0.14705882352941    0.02941176470589    0.00000000000000            24
   -0.11764705882353    0.02941176470589    0.00000000000000            24
   -0.08823529411764    0.02941176470589    0.00000000000000            24
   -0.05882352941177    0.02941176470589    0.00000000000000            24
   -0.02941176470588    0.02941176470589    0.00000000000000            12
    0.05882352941177    0.05882352941177    0.00000000000000             6
    0.08823529411765    0.05882352941177    0.00000000000000            24
    0.11764705882353    0.05882352941177    0.00000000000000            24
    0.14705882352941    0.05882352941177    0.00000000000000            24
    0.17647058823530    0.05882352941177    0.00000000000000            24
    0.20588235294118    0.05882352941177    0.00000000000000            24
    0.23529411764706    0.05882352941177    0.00000000000000            24
    0.26470588235294    0.05882352941177    0.00000000000000            24
    0.29411764705883    0.05882352941177    0.00000000000000            24
    0.32352941176470    0.05882352941177    0.00000000000000            24
    0.35294117647059    0.05882352941177    0.00000000000000            24
    0.38235294117647    0.05882352941177    0.00000000000000            24
    0.41176470588236    0.05882352941177    0.00000000000000            24
    0.44117647058823    0.05882352941177    0.00000000000000            24
    0.47058823529412    0.05882352941177    0.00000000000000            24
    0.50000000000000    0.05882352941177    0.00000000000000            24
   -0.47058823529411    0.05882352941177    0.00000000000000            24
   -0.44117647058823    0.05882352941177    0.00000000000000            24
   -0.41176470588235    0.05882352941177    0.00000000000000            24
   -0.38235294117647    0.05882352941177    0.00000000000000            24
   -0.35294117647059    0.05882352941177    0.00000000000000            24
   -0.32352941176470    0.05882352941177    0.00000000000000            24
   -0.29411764705882    0.05882352941177    0.00000000000000            24
   -0.26470588235294    0.05882352941177    0.00000000000000            24
   -0.23529411764706    0.05882352941177    0.00000000000000            24
   -0.20588235294117    0.05882352941177    0.00000000000000            24
   -0.17647058823530    0.05882352941177    0.00000000000000            24
   -0.14705882352941    0.05882352941177    0.00000000000000            24
   -0.11764705882353    0.05882352941177    0.00000000000000            24
   -0.08823529411764    0.05882352941177    0.00000000000000            24
   -0.05882352941177    0.05882352941177    0.00000000000000            12
    0.08823529411765    0.08823529411765    0.00000000000000             6
    0.11764705882353    0.08823529411765    0.00000000000000            24
    0.14705882352941    0.08823529411765    0.00000000000000            24
    0.17647058823530    0.08823529411765    0.00000000000000            24
    0.20588235294118    0.08823529411765    0.00000000000000            24
    0.23529411764706    0.08823529411765    0.00000000000000            24
    0.26470588235294    0.08823529411765    0.00000000000000            24
    0.29411764705883    0.08823529411765    0.00000000000000            24
    0.32352941176470    0.08823529411765    0.00000000000000            24
    0.35294117647059    0.08823529411765    0.00000000000000            24
    0.38235294117647    0.08823529411765    0.00000000000000            24
    0.41176470588236    0.08823529411765    0.00000000000000            24
    0.44117647058823    0.08823529411765    0.00000000000000            24
    0.47058823529412    0.08823529411765    0.00000000000000            24
    0.50000000000000    0.08823529411765    0.00000000000000            24
   -0.47058823529411    0.08823529411765    0.00000000000000            24
   -0.44117647058823    0.08823529411765    0.00000000000000            24
   -0.41176470588235    0.08823529411765    0.00000000000000            24
   -0.38235294117647    0.08823529411765    0.00000000000000            24
   -0.35294117647059    0.08823529411765    0.00000000000000            24
   -0.32352941176470    0.08823529411765    0.00000000000000            24
   -0.29411764705882    0.08823529411765    0.00000000000000            24
   -0.26470588235294    0.08823529411765    0.00000000000000            24
   -0.23529411764706    0.08823529411765    0.00000000000000            24
   -0.20588235294117    0.08823529411765    0.00000000000000            24
   -0.17647058823530    0.08823529411765    0.00000000000000            24
   -0.14705882352941    0.08823529411765    0.00000000000000            24
   -0.11764705882353    0.08823529411765    0.00000000000000            24
   -0.08823529411764    0.08823529411765    0.00000000000000            12
    0.11764705882353    0.11764705882353    0.00000000000000             6
    0.14705882352941    0.11764705882353    0.00000000000000            24
    0.17647058823530    0.11764705882353    0.00000000000000            24
    0.20588235294118    0.11764705882353    0.00000000000000            24
    0.23529411764706    0.11764705882353    0.00000000000000            24
    0.26470588235294    0.11764705882353    0.00000000000000            24
    0.29411764705883    0.11764705882353    0.00000000000000            24
    0.32352941176470    0.11764705882353    0.00000000000000            24
    0.35294117647059    0.11764705882353    0.00000000000000            24
    0.38235294117647    0.11764705882353    0.00000000000000            24
    0.41176470588236    0.11764705882353    0.00000000000000            24
    0.44117647058823    0.11764705882353    0.00000000000000            24
    0.47058823529412    0.11764705882353    0.00000000000000            24
    0.50000000000000    0.11764705882353    0.00000000000000            24
   -0.47058823529411    0.11764705882353    0.00000000000000            24
   -0.44117647058823    0.11764705882353    0.00000000000000            24
   -0.41176470588235    0.11764705882353    0.00000000000000            24
   -0.38235294117647    0.11764705882353    0.00000000000000            24
   -0.35294117647059    0.11764705882353    0.00000000000000            24
   -0.32352941176470    0.11764705882353    0.00000000000000            24
   -0.29411764705882    0.11764705882353    0.00000000000000            24
   -0.26470588235294    0.11764705882353    0.00000000000000            24
   -0.23529411764706    0.11764705882353    0.00000000000000            24
   -0.20588235294117    0.11764705882353    0.00000000000000            24
   -0.17647058823530    0.11764705882353    0.00000000000000            24
   -0.14705882352941    0.11764705882353    0.00000000000000            24
   -0.11764705882353    0.11764705882353    0.00000000000000            12
    0.14705882352941    0.14705882352941    0.00000000000000             6
    0.17647058823530    0.14705882352941    0.00000000000000            24
    0.20588235294118    0.14705882352941    0.00000000000000            24
    0.23529411764706    0.14705882352941    0.00000000000000            24
    0.26470588235294    0.14705882352941    0.00000000000000            24
    0.29411764705883    0.14705882352941    0.00000000000000            24
    0.32352941176470    0.14705882352941    0.00000000000000            24
    0.35294117647059    0.14705882352941    0.00000000000000            24
    0.38235294117647    0.14705882352941    0.00000000000000            24
    0.41176470588236    0.14705882352941    0.00000000000000            24
    0.44117647058823    0.14705882352941    0.00000000000000            24
    0.47058823529412    0.14705882352941    0.00000000000000            24
    0.50000000000000    0.14705882352941    0.00000000000000            24
   -0.47058823529411    0.14705882352941    0.00000000000000            24
   -0.44117647058823    0.14705882352941    0.00000000000000            24
   -0.41176470588235    0.14705882352941    0.00000000000000            24
   -0.38235294117647    0.14705882352941    0.00000000000000            24
   -0.35294117647059    0.14705882352941    0.00000000000000            24
   -0.32352941176470    0.14705882352941    0.00000000000000            24
   -0.29411764705882    0.14705882352941    0.00000000000000            24
   -0.26470588235294    0.14705882352941    0.00000000000000            24
   -0.23529411764706    0.14705882352941    0.00000000000000            24
   -0.20588235294117    0.14705882352941    0.00000000000000            24
   -0.17647058823530    0.14705882352941    0.00000000000000            24
   -0.14705882352941    0.14705882352941    0.00000000000000            12
    0.17647058823530    0.17647058823530    0.00000000000000             6
    0.20588235294118    0.17647058823530    0.00000000000000            24
    0.23529411764706    0.17647058823530    0.00000000000000            24
    0.26470588235294    0.17647058823530    0.00000000000000            24
    0.29411764705883    0.17647058823530    0.00000000000000            24
    0.32352941176470    0.17647058823530    0.00000000000000            24
    0.35294117647059    0.17647058823530    0.00000000000000            24
    0.38235294117647    0.17647058823530    0.00000000000000            24
    0.41176470588236    0.17647058823530    0.00000000000000            24
    0.44117647058823    0.17647058823530    0.00000000000000            24
    0.47058823529412    0.17647058823530    0.00000000000000            24
    0.50000000000000    0.17647058823530    0.00000000000000            24
   -0.47058823529411    0.17647058823530    0.00000000000000            24
   -0.44117647058823    0.17647058823530    0.00000000000000            24
   -0.41176470588235    0.17647058823530    0.00000000000000            24
   -0.38235294117647    0.17647058823530    0.00000000000000            24
   -0.35294117647059    0.17647058823530    0.00000000000000            24
   -0.32352941176470    0.17647058823530    0.00000000000000            24
   -0.29411764705882    0.17647058823530    0.00000000000000            24
   -0.26470588235294    0.17647058823530    0.00000000000000            24
   -0.23529411764706    0.17647058823530    0.00000000000000            24
   -0.20588235294117    0.17647058823530    0.00000000000000            24
   -0.17647058823530    0.17647058823530    0.00000000000000            12
    0.20588235294118    0.20588235294118    0.00000000000000             6
    0.23529411764706    0.20588235294118    0.00000000000000            24
    0.26470588235294    0.20588235294118    0.00000000000000            24
    0.29411764705883    0.20588235294118    0.00000000000000            24
    0.32352941176470    0.20588235294118    0.00000000000000            24
    0.35294117647059    0.20588235294118    0.00000000000000            24
    0.38235294117647    0.20588235294118    0.00000000000000            24
    0.41176470588236    0.20588235294118    0.00000000000000            24
    0.44117647058823    0.20588235294118    0.00000000000000            24
    0.47058823529412    0.20588235294118    0.00000000000000            24
    0.50000000000000    0.20588235294118    0.00000000000000            24
   -0.47058823529411    0.20588235294118    0.00000000000000            24
   -0.44117647058823    0.20588235294118    0.00000000000000            24
   -0.41176470588235    0.20588235294118    0.00000000000000            24
   -0.38235294117647    0.20588235294118    0.00000000000000            24
   -0.35294117647059    0.20588235294118    0.00000000000000            24
   -0.32352941176470    0.20588235294118    0.00000000000000            24
   -0.29411764705882    0.20588235294118    0.00000000000000            24
   -0.26470588235294    0.20588235294118    0.00000000000000            24
   -0.23529411764706    0.20588235294118    0.00000000000000            24
   -0.20588235294117    0.20588235294118    0.00000000000000            12
    0.23529411764706    0.23529411764706    0.00000000000000             6
    0.26470588235294    0.23529411764706    0.00000000000000            24
    0.29411764705883    0.23529411764706    0.00000000000000            24
    0.32352941176470    0.23529411764706    0.00000000000000            24
    0.35294117647059    0.23529411764706    0.00000000000000            24
    0.38235294117647    0.23529411764706    0.00000000000000            24
    0.41176470588236    0.23529411764706    0.00000000000000            24
    0.44117647058823    0.23529411764706    0.00000000000000            24
    0.47058823529412    0.23529411764706    0.00000000000000            24
    0.50000000000000    0.23529411764706    0.00000000000000            24
   -0.47058823529411    0.23529411764706    0.00000000000000            24
   -0.44117647058823    0.23529411764706    0.00000000000000            24
   -0.41176470588235    0.23529411764706    0.00000000000000            24
   -0.38235294117647    0.23529411764706    0.00000000000000            24
   -0.35294117647059    0.23529411764706    0.00000000000000            24
   -0.32352941176470    0.23529411764706    0.00000000000000            24
   -0.29411764705882    0.23529411764706    0.00000000000000            24
   -0.26470588235294    0.23529411764706    0.00000000000000            24
   -0.23529411764706    0.23529411764706    0.00000000000000            12
    0.26470588235294    0.26470588235294    0.00000000000000             6
    0.29411764705883    0.26470588235294    0.00000000000000            24
    0.32352941176470    0.26470588235294    0.00000000000000            24
    0.35294117647059    0.26470588235294    0.00000000000000            24
    0.38235294117647    0.26470588235294    0.00000000000000            24
    0.41176470588236    0.26470588235294    0.00000000000000            24
    0.44117647058823    0.26470588235294    0.00000000000000            24
    0.47058823529412    0.26470588235294    0.00000000000000            24
    0.50000000000000    0.26470588235294    0.00000000000000            24
   -0.47058823529411    0.26470588235294    0.00000000000000            24
   -0.44117647058823    0.26470588235294    0.00000000000000            24
   -0.41176470588235    0.26470588235294    0.00000000000000            24
   -0.38235294117647    0.26470588235294    0.00000000000000            24
   -0.35294117647059    0.26470588235294    0.00000000000000            24
   -0.32352941176470    0.26470588235294    0.00000000000000            24
   -0.29411764705882    0.26470588235294    0.00000000000000            24
   -0.26470588235294    0.26470588235294    0.00000000000000            12
    0.29411764705883    0.29411764705883    0.00000000000000             6
    0.32352941176470    0.29411764705883    0.00000000000000            24
    0.35294117647059    0.29411764705883    0.00000000000000            24
    0.38235294117647    0.29411764705883    0.00000000000000            24
    0.41176470588236    0.29411764705883    0.00000000000000            24
    0.44117647058823    0.29411764705883    0.00000000000000            24
    0.47058823529412    0.29411764705883    0.00000000000000            24
    0.50000000000000    0.29411764705883    0.00000000000000            24
   -0.47058823529411    0.29411764705883    0.00000000000000            24
   -0.44117647058823    0.29411764705883    0.00000000000000            24
   -0.41176470588235    0.29411764705883    0.00000000000000            24
   -0.38235294117647    0.29411764705883    0.00000000000000            24
   -0.35294117647059    0.29411764705883    0.00000000000000            24
   -0.32352941176470    0.29411764705883    0.00000000000000            24
   -0.29411764705882    0.29411764705883    0.00000000000000            12
    0.32352941176470    0.32352941176470    0.00000000000000             6
    0.35294117647059    0.32352941176470    0.00000000000000            24
    0.38235294117647    0.32352941176470    0.00000000000000            24
    0.41176470588236    0.32352941176470    0.00000000000000            24
    0.44117647058823    0.32352941176470    0.00000000000000            24
    0.47058823529412    0.32352941176470    0.00000000000000            24
    0.50000000000000    0.32352941176470    0.00000000000000            24
   -0.47058823529411    0.32352941176470    0.00000000000000            24
   -0.44117647058823    0.32352941176470    0.00000000000000            24
   -0.41176470588235    0.32352941176470    0.00000000000000            24
   -0.38235294117647    0.32352941176470    0.00000000000000            24
   -0.35294117647059    0.32352941176470    0.00000000000000            24
   -0.32352941176470    0.32352941176470    0.00000000000000            12
    0.35294117647059    0.35294117647059    0.00000000000000             6
    0.38235294117647    0.35294117647059    0.00000000000000            24
    0.41176470588236    0.35294117647059    0.00000000000000            24
    0.44117647058823    0.35294117647059    0.00000000000000            24
    0.47058823529412    0.35294117647059    0.00000000000000            24
    0.50000000000000    0.35294117647059    0.00000000000000            24
   -0.47058823529411    0.35294117647059    0.00000000000000            24
   -0.44117647058823    0.35294117647059    0.00000000000000            24
   -0.41176470588235    0.35294117647059    0.00000000000000            24
   -0.38235294117647    0.35294117647059    0.00000000000000            24
   -0.35294117647059    0.35294117647059    0.00000000000000            12
    0.38235294117647    0.38235294117647    0.00000000000000             6
    0.41176470588236    0.38235294117647    0.00000000000000            24
    0.44117647058823    0.38235294117647    0.00000000000000            24
    0.47058823529412    0.38235294117647    0.00000000000000            24
    0.50000000000000    0.38235294117647    0.00000000000000            24
   -0.47058823529411    0.38235294117647    0.00000000000000            24
   -0.44117647058823    0.38235294117647    0.00000000000000            24
   -0.41176470588235    0.38235294117647    0.00000000000000            24
   -0.38235294117647    0.38235294117647    0.00000000000000            12
    0.41176470588236    0.41176470588236    0.00000000000000             6
    0.44117647058823    0.41176470588236    0.00000000000000            24
    0.47058823529412    0.41176470588236    0.00000000000000            24
    0.50000000000000    0.41176470588236    0.00000000000000            24
   -0.47058823529411    0.41176470588236    0.00000000000000            24
   -0.44117647058823    0.41176470588236    0.00000000000000            24
   -0.41176470588235    0.41176470588236    0.00000000000000            12
    0.44117647058823    0.44117647058823    0.00000000000000             6
    0.47058823529412    0.44117647058823    0.00000000000000            24
    0.50000000000000    0.44117647058823    0.00000000000000            24
   -0.47058823529411    0.44117647058823    0.00000000000000            24
   -0.44117647058823    0.44117647058823    0.00000000000000            12
    0.47058823529412    0.47058823529412    0.00000000000000             6
    0.50000000000000    0.47058823529412    0.00000000000000            24
   -0.47058823529411    0.47058823529412    0.00000000000000            12
    0.50000000000000    0.50000000000000    0.00000000000000             3
    0.08823529411765    0.05882352941177    0.02941176470589            24
    0.11764705882353    0.05882352941177    0.02941176470589            48
    0.14705882352941    0.05882352941177    0.02941176470589            48
    0.17647058823530    0.05882352941177    0.02941176470589            48
    0.20588235294118    0.05882352941177    0.02941176470589            48
    0.23529411764706    0.05882352941177    0.02941176470589            48
    0.26470588235294    0.05882352941177    0.02941176470589            48
    0.29411764705883    0.05882352941177    0.02941176470589            48
    0.32352941176470    0.05882352941177    0.02941176470589            48
    0.35294117647059    0.05882352941177    0.02941176470589            48
    0.38235294117647    0.05882352941177    0.02941176470589            48
    0.41176470588236    0.05882352941177    0.02941176470589            48
    0.44117647058823    0.05882352941177    0.02941176470589            48
    0.47058823529412    0.05882352941177    0.02941176470589            48
    0.50000000000000    0.05882352941177    0.02941176470589            48
   -0.47058823529411    0.05882352941177    0.02941176470589            24
    0.11764705882353    0.08823529411765    0.02941176470589            24
    0.14705882352941    0.08823529411765    0.02941176470589            48
    0.17647058823530    0.08823529411765    0.02941176470589            48
    0.20588235294118    0.08823529411765    0.02941176470589            48
    0.23529411764706    0.08823529411765    0.02941176470589            48
    0.26470588235294    0.08823529411765    0.02941176470589            48
    0.29411764705883    0.08823529411765    0.02941176470589            48
    0.32352941176470    0.08823529411765    0.02941176470589            48
    0.35294117647059    0.08823529411765    0.02941176470589            48
    0.38235294117647    0.08823529411765    0.02941176470589            48
    0.41176470588236    0.08823529411765    0.02941176470589            48
    0.44117647058823    0.08823529411765    0.02941176470589            48
    0.47058823529412    0.08823529411765    0.02941176470589            48
    0.50000000000000    0.08823529411765    0.02941176470589            48
   -0.47058823529411    0.08823529411765    0.02941176470589            48
   -0.44117647058823    0.08823529411765    0.02941176470589            48
   -0.41176470588235    0.08823529411765    0.02941176470589            48
   -0.38235294117647    0.08823529411765    0.02941176470589            48
   -0.35294117647059    0.08823529411765    0.02941176470589            48
   -0.32352941176470    0.08823529411765    0.02941176470589            48
   -0.29411764705882    0.08823529411765    0.02941176470589            48
   -0.26470588235294    0.08823529411765    0.02941176470589            48
   -0.23529411764706    0.08823529411765    0.02941176470589            48
   -0.20588235294117    0.08823529411765    0.02941176470589            48
   -0.17647058823530    0.08823529411765    0.02941176470589            48
   -0.14705882352941    0.08823529411765    0.02941176470589            48
   -0.11764705882353    0.08823529411765    0.02941176470589            48
   -0.08823529411764    0.08823529411765    0.02941176470589            48
   -0.05882352941177    0.08823529411765    0.02941176470589            24
    0.14705882352941    0.11764705882353    0.02941176470589            24
    0.17647058823530    0.11764705882353    0.02941176470589            48
    0.20588235294118    0.11764705882353    0.02941176470589            48
    0.23529411764706    0.11764705882353    0.02941176470589            48
    0.26470588235294    0.11764705882353    0.02941176470589            48
    0.29411764705883    0.11764705882353    0.02941176470589            48
    0.32352941176470    0.11764705882353    0.02941176470589            48
    0.35294117647059    0.11764705882353    0.02941176470589            48
    0.38235294117647    0.11764705882353    0.02941176470589            48
    0.41176470588236    0.11764705882353    0.02941176470589            48
    0.44117647058823    0.11764705882353    0.02941176470589            48
    0.47058823529412    0.11764705882353    0.02941176470589            48
    0.50000000000000    0.11764705882353    0.02941176470589            48
   -0.47058823529411    0.11764705882353    0.02941176470589            48
   -0.44117647058823    0.11764705882353    0.02941176470589            48
   -0.41176470588235    0.11764705882353    0.02941176470589            48
   -0.38235294117647    0.11764705882353    0.02941176470589            48
   -0.35294117647059    0.11764705882353    0.02941176470589            48
   -0.32352941176470    0.11764705882353    0.02941176470589            48
   -0.29411764705882    0.11764705882353    0.02941176470589            48
   -0.26470588235294    0.11764705882353    0.02941176470589            48
   -0.23529411764706    0.11764705882353    0.02941176470589            48
   -0.20588235294117    0.11764705882353    0.02941176470589            48
   -0.17647058823530    0.11764705882353    0.02941176470589            48
   -0.14705882352941    0.11764705882353    0.02941176470589            48
   -0.11764705882353    0.11764705882353    0.02941176470589            48
   -0.08823529411764    0.11764705882353    0.02941176470589            24
    0.17647058823530    0.14705882352941    0.02941176470589            24
    0.20588235294118    0.14705882352941    0.02941176470589            48
    0.23529411764706    0.14705882352941    0.02941176470589            48
    0.26470588235294    0.14705882352941    0.02941176470589            48
    0.29411764705883    0.14705882352941    0.02941176470589            48
    0.32352941176470    0.14705882352941    0.02941176470589            48
    0.35294117647059    0.14705882352941    0.02941176470589            48
    0.38235294117647    0.14705882352941    0.02941176470589            48
    0.41176470588236    0.14705882352941    0.02941176470589            48
    0.44117647058823    0.14705882352941    0.02941176470589            48
    0.47058823529412    0.14705882352941    0.02941176470589            48
    0.50000000000000    0.14705882352941    0.02941176470589            48
   -0.47058823529411    0.14705882352941    0.02941176470589            48
   -0.44117647058823    0.14705882352941    0.02941176470589            48
   -0.41176470588235    0.14705882352941    0.02941176470589            48
   -0.38235294117647    0.14705882352941    0.02941176470589            48
   -0.35294117647059    0.14705882352941    0.02941176470589            48
   -0.32352941176470    0.14705882352941    0.02941176470589            48
   -0.29411764705882    0.14705882352941    0.02941176470589            48
   -0.26470588235294    0.14705882352941    0.02941176470589            48
   -0.23529411764706    0.14705882352941    0.02941176470589            48
   -0.20588235294117    0.14705882352941    0.02941176470589            48
   -0.17647058823530    0.14705882352941    0.02941176470589            48
   -0.14705882352941    0.14705882352941    0.02941176470589            48
   -0.11764705882353    0.14705882352941    0.02941176470589            24
    0.20588235294118    0.17647058823530    0.02941176470589            24
    0.23529411764706    0.17647058823530    0.02941176470589            48
    0.26470588235294    0.17647058823530    0.02941176470589            48
    0.29411764705883    0.17647058823530    0.02941176470589            48
    0.32352941176470    0.17647058823530    0.02941176470589            48
    0.35294117647059    0.17647058823530    0.02941176470589            48
    0.38235294117647    0.17647058823530    0.02941176470589            48
    0.41176470588236    0.17647058823530    0.02941176470589            48
    0.44117647058823    0.17647058823530    0.02941176470589            48
    0.47058823529412    0.17647058823530    0.02941176470589            48
    0.50000000000000    0.17647058823530    0.02941176470589            48
   -0.47058823529411    0.17647058823530    0.02941176470589            48
   -0.44117647058823    0.17647058823530    0.02941176470589            48
   -0.41176470588235    0.17647058823530    0.02941176470589            48
   -0.38235294117647    0.17647058823530    0.02941176470589            48
   -0.35294117647059    0.17647058823530    0.02941176470589            48
   -0.32352941176470    0.17647058823530    0.02941176470589            48
   -0.29411764705882    0.17647058823530    0.02941176470589            48
   -0.26470588235294    0.17647058823530    0.02941176470589            48
   -0.23529411764706    0.17647058823530    0.02941176470589            48
   -0.20588235294117    0.17647058823530    0.02941176470589            48
   -0.17647058823530    0.17647058823530    0.02941176470589            48
   -0.14705882352941    0.17647058823530    0.02941176470589            24
    0.23529411764706    0.20588235294118    0.02941176470589            24
    0.26470588235294    0.20588235294118    0.02941176470589            48
    0.29411764705883    0.20588235294118    0.02941176470589            48
    0.32352941176470    0.20588235294118    0.02941176470589            48
    0.35294117647059    0.20588235294118    0.02941176470589            48
    0.38235294117647    0.20588235294118    0.02941176470589            48
    0.41176470588236    0.20588235294118    0.02941176470589            48
    0.44117647058823    0.20588235294118    0.02941176470589            48
    0.47058823529412    0.20588235294118    0.02941176470589            48
    0.50000000000000    0.20588235294118    0.02941176470589            48
   -0.47058823529411    0.20588235294118    0.02941176470589            48
   -0.44117647058823    0.20588235294118    0.02941176470589            48
   -0.41176470588235    0.20588235294118    0.02941176470589            48
   -0.38235294117647    0.20588235294118    0.02941176470589            48
   -0.35294117647059    0.20588235294118    0.02941176470589            48
   -0.32352941176470    0.20588235294118    0.02941176470589            48
   -0.29411764705882    0.20588235294118    0.02941176470589            48
   -0.26470588235294    0.20588235294118    0.02941176470589            48
   -0.23529411764706    0.20588235294118    0.02941176470589            48
   -0.20588235294117    0.20588235294118    0.02941176470589            48
   -0.17647058823530    0.20588235294118    0.02941176470589            24
    0.26470588235294    0.23529411764706    0.02941176470589            24
    0.29411764705883    0.23529411764706    0.02941176470589            48
    0.32352941176470    0.23529411764706    0.02941176470589            48
    0.35294117647059    0.23529411764706    0.02941176470589            48
    0.38235294117647    0.23529411764706    0.02941176470589            48
    0.41176470588236    0.23529411764706    0.02941176470589            48
    0.44117647058823    0.23529411764706    0.02941176470589            48
    0.47058823529412    0.23529411764706    0.02941176470589            48
    0.50000000000000    0.23529411764706    0.02941176470589            48
   -0.47058823529411    0.23529411764706    0.02941176470589            48
   -0.44117647058823    0.23529411764706    0.02941176470589            48
   -0.41176470588235    0.23529411764706    0.02941176470589            48
   -0.38235294117647    0.23529411764706    0.02941176470589            48
   -0.35294117647059    0.23529411764706    0.02941176470589            48
   -0.32352941176470    0.23529411764706    0.02941176470589            48
   -0.29411764705882    0.23529411764706    0.02941176470589            48
   -0.26470588235294    0.23529411764706    0.02941176470589            48
   -0.23529411764706    0.23529411764706    0.02941176470589            48
   -0.20588235294117    0.23529411764706    0.02941176470589            24
    0.29411764705883    0.26470588235294    0.02941176470589            24
    0.32352941176470    0.26470588235294    0.02941176470589            48
    0.35294117647059    0.26470588235294    0.02941176470589            48
    0.38235294117647    0.26470588235294    0.02941176470589            48
    0.41176470588236    0.26470588235294    0.02941176470589            48
    0.44117647058823    0.26470588235294    0.02941176470589            48
    0.47058823529412    0.26470588235294    0.02941176470589            48
    0.50000000000000    0.26470588235294    0.02941176470589            48
   -0.47058823529411    0.26470588235294    0.02941176470589            48
   -0.44117647058823    0.26470588235294    0.02941176470589            48
   -0.41176470588235    0.26470588235294    0.02941176470589            48
   -0.38235294117647    0.26470588235294    0.02941176470589            48
   -0.35294117647059    0.26470588235294    0.02941176470589            48
   -0.32352941176470    0.26470588235294    0.02941176470589            48
   -0.29411764705882    0.26470588235294    0.02941176470589            48
   -0.26470588235294    0.26470588235294    0.02941176470589            48
   -0.23529411764706    0.26470588235294    0.02941176470589            24
    0.32352941176470    0.29411764705883    0.02941176470589            24
    0.35294117647059    0.29411764705883    0.02941176470589            48
    0.38235294117647    0.29411764705883    0.02941176470589            48
    0.41176470588236    0.29411764705883    0.02941176470589            48
    0.44117647058823    0.29411764705883    0.02941176470589            48
    0.47058823529412    0.29411764705883    0.02941176470589            48
    0.50000000000000    0.29411764705883    0.02941176470589            48
   -0.47058823529411    0.29411764705883    0.02941176470589            48
   -0.44117647058823    0.29411764705883    0.02941176470589            48
   -0.41176470588235    0.29411764705883    0.02941176470589            48
   -0.38235294117647    0.29411764705883    0.02941176470589            48
   -0.35294117647059    0.29411764705883    0.02941176470589            48
   -0.32352941176470    0.29411764705883    0.02941176470589            48
   -0.29411764705882    0.29411764705883    0.02941176470589            48
   -0.26470588235294    0.29411764705883    0.02941176470589            24
    0.35294117647059    0.32352941176470    0.02941176470589            24
    0.38235294117647    0.32352941176470    0.02941176470589            48
    0.41176470588236    0.32352941176470    0.02941176470589            48
    0.44117647058823    0.32352941176470    0.02941176470589            48
    0.47058823529412    0.32352941176470    0.02941176470589            48
    0.50000000000000    0.32352941176470    0.02941176470589            48
   -0.47058823529411    0.32352941176470    0.02941176470589            48
   -0.44117647058823    0.32352941176470    0.02941176470589            48
   -0.41176470588235    0.32352941176470    0.02941176470589            48
   -0.38235294117647    0.32352941176470    0.02941176470589            48
   -0.35294117647059    0.32352941176470    0.02941176470589            48
   -0.32352941176470    0.32352941176470    0.02941176470589            48
   -0.29411764705882    0.32352941176470    0.02941176470589            24
    0.38235294117647    0.35294117647059    0.02941176470589            24
    0.41176470588236    0.35294117647059    0.02941176470589            48
    0.44117647058823    0.35294117647059    0.02941176470589            48
    0.47058823529412    0.35294117647059    0.02941176470589            48
    0.50000000000000    0.35294117647059    0.02941176470589            48
   -0.47058823529411    0.35294117647059    0.02941176470589            48
   -0.44117647058823    0.35294117647059    0.02941176470589            48
   -0.41176470588235    0.35294117647059    0.02941176470589            48
   -0.38235294117647    0.35294117647059    0.02941176470589            48
   -0.35294117647059    0.35294117647059    0.02941176470589            48
   -0.32352941176470    0.35294117647059    0.02941176470589            24
    0.41176470588236    0.38235294117647    0.02941176470589            24
    0.44117647058823    0.38235294117647    0.02941176470589            48
    0.47058823529412    0.38235294117647    0.02941176470589            48
    0.50000000000000    0.38235294117647    0.02941176470589            48
   -0.47058823529411    0.38235294117647    0.02941176470589            48
   -0.44117647058823    0.38235294117647    0.02941176470589            48
   -0.41176470588235    0.38235294117647    0.02941176470589            48
   -0.38235294117647    0.38235294117647    0.02941176470589            48
   -0.35294117647059    0.38235294117647    0.02941176470589            24
    0.44117647058823    0.41176470588236    0.02941176470589            24
    0.47058823529412    0.41176470588236    0.02941176470589            48
    0.50000000000000    0.41176470588236    0.02941176470589            48
   -0.47058823529411    0.41176470588236    0.02941176470589            48
   -0.44117647058823    0.41176470588236    0.02941176470589            48
   -0.41176470588235    0.41176470588236    0.02941176470589            48
   -0.38235294117647    0.41176470588236    0.02941176470589            24
    0.47058823529412    0.44117647058823    0.02941176470589            24
    0.50000000000000    0.44117647058823    0.02941176470589            48
   -0.47058823529411    0.44117647058823    0.02941176470589            48
   -0.44117647058823    0.44117647058823    0.02941176470589            48
   -0.41176470588235    0.44117647058823    0.02941176470589            24
    0.50000000000000    0.47058823529412    0.02941176470589            24
   -0.47058823529411    0.47058823529412    0.02941176470589            48
   -0.44117647058823    0.47058823529412    0.02941176470589            24
   -0.47058823529411    0.50000000000000    0.02941176470589            12
    0.17647058823530    0.11764705882353    0.05882352941177            24
    0.20588235294118    0.11764705882353    0.05882352941177            48
    0.23529411764706    0.11764705882353    0.05882352941177            48
    0.26470588235294    0.11764705882353    0.05882352941177            48
    0.29411764705883    0.11764705882353    0.05882352941177            48
    0.32352941176470    0.11764705882353    0.05882352941177            48
    0.35294117647059    0.11764705882353    0.05882352941177            48
    0.38235294117647    0.11764705882353    0.05882352941177            48
    0.41176470588236    0.11764705882353    0.05882352941177            48
    0.44117647058823    0.11764705882353    0.05882352941177            48
    0.47058823529412    0.11764705882353    0.05882352941177            48
    0.50000000000000    0.11764705882353    0.05882352941177            48
   -0.47058823529411    0.11764705882353    0.05882352941177            48
   -0.44117647058823    0.11764705882353    0.05882352941177            24
    0.20588235294118    0.14705882352941    0.05882352941177            24
    0.23529411764706    0.14705882352941    0.05882352941177            48
    0.26470588235294    0.14705882352941    0.05882352941177            48
    0.29411764705883    0.14705882352941    0.05882352941177            48
    0.32352941176470    0.14705882352941    0.05882352941177            48
    0.35294117647059    0.14705882352941    0.05882352941177            48
    0.38235294117647    0.14705882352941    0.05882352941177            48
    0.41176470588236    0.14705882352941    0.05882352941177            48
    0.44117647058823    0.14705882352941    0.05882352941177            48
    0.47058823529412    0.14705882352941    0.05882352941177            48
    0.50000000000000    0.14705882352941    0.05882352941177            48
   -0.47058823529411    0.14705882352941    0.05882352941177            48
   -0.44117647058823    0.14705882352941    0.05882352941177            48
   -0.41176470588235    0.14705882352941    0.05882352941177            48
   -0.38235294117647    0.14705882352941    0.05882352941177            48
   -0.35294117647059    0.14705882352941    0.05882352941177            48
   -0.32352941176470    0.14705882352941    0.05882352941177            48
   -0.29411764705882    0.14705882352941    0.05882352941177            48
   -0.26470588235294    0.14705882352941    0.05882352941177            48
   -0.23529411764706    0.14705882352941    0.05882352941177            48
   -0.20588235294117    0.14705882352941    0.05882352941177            48
   -0.17647058823530    0.14705882352941    0.05882352941177            48
   -0.14705882352941    0.14705882352941    0.05882352941177            48
   -0.11764705882353    0.14705882352941    0.05882352941177            48
   -0.08823529411764    0.14705882352941    0.05882352941177            24
    0.23529411764706    0.17647058823530    0.05882352941177            24
    0.26470588235294    0.17647058823530    0.05882352941177            48
    0.29411764705883    0.17647058823530    0.05882352941177            48
    0.32352941176470    0.17647058823530    0.05882352941177            48
    0.35294117647059    0.17647058823530    0.05882352941177            48
    0.38235294117647    0.17647058823530    0.05882352941177            48
    0.41176470588236    0.17647058823530    0.05882352941177            48
    0.44117647058823    0.17647058823530    0.05882352941177            48
    0.47058823529412    0.17647058823530    0.05882352941177            48
    0.50000000000000    0.17647058823530    0.05882352941177            48
   -0.47058823529411    0.17647058823530    0.05882352941177            48
   -0.44117647058823    0.17647058823530    0.05882352941177            48
   -0.41176470588235    0.17647058823530    0.05882352941177            48
   -0.38235294117647    0.17647058823530    0.05882352941177            48
   -0.35294117647059    0.17647058823530    0.05882352941177            48
   -0.32352941176470    0.17647058823530    0.05882352941177            48
   -0.29411764705882    0.17647058823530    0.05882352941177            48
   -0.26470588235294    0.17647058823530    0.05882352941177            48
   -0.23529411764706    0.17647058823530    0.05882352941177            48
   -0.20588235294117    0.17647058823530    0.05882352941177            48
   -0.17647058823530    0.17647058823530    0.05882352941177            48
   -0.14705882352941    0.17647058823530    0.05882352941177            48
   -0.11764705882353    0.17647058823530    0.05882352941177            24
    0.26470588235294    0.20588235294118    0.05882352941177            24
    0.29411764705883    0.20588235294118    0.05882352941177            48
    0.32352941176470    0.20588235294118    0.05882352941177            48
    0.35294117647059    0.20588235294118    0.05882352941177            48
    0.38235294117647    0.20588235294118    0.05882352941177            48
    0.41176470588236    0.20588235294118    0.05882352941177            48
    0.44117647058823    0.20588235294118    0.05882352941177            48
    0.47058823529412    0.20588235294118    0.05882352941177            48
    0.50000000000000    0.20588235294118    0.05882352941177            48
   -0.47058823529411    0.20588235294118    0.05882352941177            48
   -0.44117647058823    0.20588235294118    0.05882352941177            48
   -0.41176470588235    0.20588235294118    0.05882352941177            48
   -0.38235294117647    0.20588235294118    0.05882352941177            48
   -0.35294117647059    0.20588235294118    0.05882352941177            48
   -0.32352941176470    0.20588235294118    0.05882352941177            48
   -0.29411764705882    0.20588235294118    0.05882352941177            48
   -0.26470588235294    0.20588235294118    0.05882352941177            48
   -0.23529411764706    0.20588235294118    0.05882352941177            48
   -0.20588235294117    0.20588235294118    0.05882352941177            48
   -0.17647058823530    0.20588235294118    0.05882352941177            48
   -0.14705882352941    0.20588235294118    0.05882352941177            24
    0.29411764705883    0.23529411764706    0.05882352941177            24
    0.32352941176470    0.23529411764706    0.05882352941177            48
    0.35294117647059    0.23529411764706    0.05882352941177            48
    0.38235294117647    0.23529411764706    0.05882352941177            48
    0.41176470588236    0.23529411764706    0.05882352941177            48
    0.44117647058823    0.23529411764706    0.05882352941177            48
    0.47058823529412    0.23529411764706    0.05882352941177            48
    0.50000000000000    0.23529411764706    0.05882352941177            48
   -0.47058823529411    0.23529411764706    0.05882352941177            48
   -0.44117647058823    0.23529411764706    0.05882352941177            48
   -0.41176470588235    0.23529411764706    0.05882352941177            48
   -0.38235294117647    0.23529411764706    0.05882352941177            48
   -0.35294117647059    0.23529411764706    0.05882352941177            48
   -0.32352941176470    0.23529411764706    0.05882352941177            48
   -0.29411764705882    0.23529411764706    0.05882352941177            48
   -0.26470588235294    0.23529411764706    0.05882352941177            48
   -0.23529411764706    0.23529411764706    0.05882352941177            48
   -0.20588235294117    0.23529411764706    0.05882352941177            48
   -0.17647058823530    0.23529411764706    0.05882352941177            24
    0.32352941176470    0.26470588235294    0.05882352941177            24
    0.35294117647059    0.26470588235294    0.05882352941177            48
    0.38235294117647    0.26470588235294    0.05882352941177            48
    0.41176470588236    0.26470588235294    0.05882352941177            48
    0.44117647058823    0.26470588235294    0.05882352941177            48
    0.47058823529412    0.26470588235294    0.05882352941177            48
    0.50000000000000    0.26470588235294    0.05882352941177            48
   -0.47058823529411    0.26470588235294    0.05882352941177            48
   -0.44117647058823    0.26470588235294    0.05882352941177            48
   -0.41176470588235    0.26470588235294    0.05882352941177            48
   -0.38235294117647    0.26470588235294    0.05882352941177            48
   -0.35294117647059    0.26470588235294    0.05882352941177            48
   -0.32352941176470    0.26470588235294    0.05882352941177            48
   -0.29411764705882    0.26470588235294    0.05882352941177            48
   -0.26470588235294    0.26470588235294    0.05882352941177            48
   -0.23529411764706    0.26470588235294    0.05882352941177            48
   -0.20588235294117    0.26470588235294    0.05882352941177            24
    0.35294117647059    0.29411764705883    0.05882352941177            24
    0.38235294117647    0.29411764705883    0.05882352941177            48
    0.41176470588236    0.29411764705883    0.05882352941177            48
    0.44117647058823    0.29411764705883    0.05882352941177            48
    0.47058823529412    0.29411764705883    0.05882352941177            48
    0.50000000000000    0.29411764705883    0.05882352941177            48
   -0.47058823529411    0.29411764705883    0.05882352941177            48
   -0.44117647058823    0.29411764705883    0.05882352941177            48
   -0.41176470588235    0.29411764705883    0.05882352941177            48
   -0.38235294117647    0.29411764705883    0.05882352941177            48
   -0.35294117647059    0.29411764705883    0.05882352941177            48
   -0.32352941176470    0.29411764705883    0.05882352941177            48
   -0.29411764705882    0.29411764705883    0.05882352941177            48
   -0.26470588235294    0.29411764705883    0.05882352941177            48
   -0.23529411764706    0.29411764705883    0.05882352941177            24
    0.38235294117647    0.32352941176470    0.05882352941177            24
    0.41176470588236    0.32352941176470    0.05882352941177            48
    0.44117647058823    0.32352941176470    0.05882352941177            48
    0.47058823529412    0.32352941176470    0.05882352941177            48
    0.50000000000000    0.32352941176470    0.05882352941177            48
   -0.47058823529411    0.32352941176470    0.05882352941177            48
   -0.44117647058823    0.32352941176470    0.05882352941177            48
   -0.41176470588235    0.32352941176470    0.05882352941177            48
   -0.38235294117647    0.32352941176470    0.05882352941177            48
   -0.35294117647059    0.32352941176470    0.05882352941177            48
   -0.32352941176470    0.32352941176470    0.05882352941177            48
   -0.29411764705882    0.32352941176470    0.05882352941177            48
   -0.26470588235294    0.32352941176470    0.05882352941177            24
    0.41176470588236    0.35294117647059    0.05882352941177            24
    0.44117647058823    0.35294117647059    0.05882352941177            48
    0.47058823529412    0.35294117647059    0.05882352941177            48
    0.50000000000000    0.35294117647059    0.05882352941177            48
   -0.47058823529411    0.35294117647059    0.05882352941177            48
   -0.44117647058823    0.35294117647059    0.05882352941177            48
   -0.41176470588235    0.35294117647059    0.05882352941177            48
   -0.38235294117647    0.35294117647059    0.05882352941177            48
   -0.35294117647059    0.35294117647059    0.05882352941177            48
   -0.32352941176470    0.35294117647059    0.05882352941177            48
   -0.29411764705882    0.35294117647059    0.05882352941177            24
    0.44117647058823    0.38235294117647    0.05882352941177            24
    0.47058823529412    0.38235294117647    0.05882352941177            48
    0.50000000000000    0.38235294117647    0.05882352941177            48
   -0.47058823529411    0.38235294117647    0.05882352941177            48
   -0.44117647058823    0.38235294117647    0.05882352941177            48
   -0.41176470588235    0.38235294117647    0.05882352941177            48
   -0.38235294117647    0.38235294117647    0.05882352941177            48
   -0.35294117647059    0.38235294117647    0.05882352941177            48
   -0.32352941176470    0.38235294117647    0.05882352941177            24
    0.47058823529412    0.41176470588236    0.05882352941177            24
    0.50000000000000    0.41176470588236    0.05882352941177            48
   -0.47058823529411    0.41176470588236    0.05882352941177            48
   -0.44117647058823    0.41176470588236    0.05882352941177            48
   -0.41176470588235    0.41176470588236    0.05882352941177            48
   -0.38235294117647    0.41176470588236    0.05882352941177            48
   -0.35294117647059    0.41176470588236    0.05882352941177            24
    0.50000000000000    0.44117647058823    0.05882352941177            24
   -0.47058823529411    0.44117647058823    0.05882352941177            48
   -0.44117647058823    0.44117647058823    0.05882352941177            48
   -0.41176470588235    0.44117647058823    0.05882352941177            48
   -0.38235294117647    0.44117647058823    0.05882352941177            24
   -0.47058823529411    0.47058823529412    0.05882352941177            24
   -0.44117647058823    0.47058823529412    0.05882352941177            48
   -0.41176470588235    0.47058823529412    0.05882352941177            24
   -0.44117647058823    0.50000000000000    0.05882352941177            12
    0.26470588235294    0.17647058823530    0.08823529411765            24
    0.29411764705883    0.17647058823530    0.08823529411765            48
    0.32352941176470    0.17647058823530    0.08823529411765            48
    0.35294117647059    0.17647058823530    0.08823529411765            48
    0.38235294117647    0.17647058823530    0.08823529411765            48
    0.41176470588236    0.17647058823530    0.08823529411765            48
    0.44117647058823    0.17647058823530    0.08823529411765            48
    0.47058823529412    0.17647058823530    0.08823529411765            48
    0.50000000000000    0.17647058823530    0.08823529411765            48
   -0.47058823529411    0.17647058823530    0.08823529411765            48
   -0.44117647058823    0.17647058823530    0.08823529411765            48
   -0.41176470588235    0.17647058823530    0.08823529411765            24
    0.29411764705883    0.20588235294118    0.08823529411765            24
    0.32352941176470    0.20588235294118    0.08823529411765            48
    0.35294117647059    0.20588235294118    0.08823529411765            48
    0.38235294117647    0.20588235294118    0.08823529411765            48
    0.41176470588236    0.20588235294118    0.08823529411765            48
    0.44117647058823    0.20588235294118    0.08823529411765            48
    0.47058823529412    0.20588235294118    0.08823529411765            48
    0.50000000000000    0.20588235294118    0.08823529411765            48
   -0.47058823529411    0.20588235294118    0.08823529411765            48
   -0.44117647058823    0.20588235294118    0.08823529411765            48
   -0.41176470588235    0.20588235294118    0.08823529411765            48
   -0.38235294117647    0.20588235294118    0.08823529411765            48
   -0.35294117647059    0.20588235294118    0.08823529411765            48
   -0.32352941176470    0.20588235294118    0.08823529411765            48
   -0.29411764705882    0.20588235294118    0.08823529411765            48
   -0.26470588235294    0.20588235294118    0.08823529411765            48
   -0.23529411764706    0.20588235294118    0.08823529411765            48
   -0.20588235294117    0.20588235294118    0.08823529411765            48
   -0.17647058823530    0.20588235294118    0.08823529411765            48
   -0.14705882352941    0.20588235294118    0.08823529411765            48
   -0.11764705882353    0.20588235294118    0.08823529411765            24
    0.32352941176470    0.23529411764706    0.08823529411765            24
    0.35294117647059    0.23529411764706    0.08823529411765            48
    0.38235294117647    0.23529411764706    0.08823529411765            48
    0.41176470588236    0.23529411764706    0.08823529411765            48
    0.44117647058823    0.23529411764706    0.08823529411765            48
    0.47058823529412    0.23529411764706    0.08823529411765            48
    0.50000000000000    0.23529411764706    0.08823529411765            48
   -0.47058823529411    0.23529411764706    0.08823529411765            48
   -0.44117647058823    0.23529411764706    0.08823529411765            48
   -0.41176470588235    0.23529411764706    0.08823529411765            48
   -0.38235294117647    0.23529411764706    0.08823529411765            48
   -0.35294117647059    0.23529411764706    0.08823529411765            48
   -0.32352941176470    0.23529411764706    0.08823529411765            48
   -0.29411764705882    0.23529411764706    0.08823529411765            48
   -0.26470588235294    0.23529411764706    0.08823529411765            48
   -0.23529411764706    0.23529411764706    0.08823529411765            48
   -0.20588235294117    0.23529411764706    0.08823529411765            48
   -0.17647058823530    0.23529411764706    0.08823529411765            48
   -0.14705882352941    0.23529411764706    0.08823529411765            24
    0.35294117647059    0.26470588235294    0.08823529411765            24
    0.38235294117647    0.26470588235294    0.08823529411765            48
    0.41176470588236    0.26470588235294    0.08823529411765            48
    0.44117647058823    0.26470588235294    0.08823529411765            48
    0.47058823529412    0.26470588235294    0.08823529411765            48
    0.50000000000000    0.26470588235294    0.08823529411765            48
   -0.47058823529411    0.26470588235294    0.08823529411765            48
   -0.44117647058823    0.26470588235294    0.08823529411765            48
   -0.41176470588235    0.26470588235294    0.08823529411765            48
   -0.38235294117647    0.26470588235294    0.08823529411765            48
   -0.35294117647059    0.26470588235294    0.08823529411765            48
   -0.32352941176470    0.26470588235294    0.08823529411765            48
   -0.29411764705882    0.26470588235294    0.08823529411765            48
   -0.26470588235294    0.26470588235294    0.08823529411765            48
   -0.23529411764706    0.26470588235294    0.08823529411765            48
   -0.20588235294117    0.26470588235294    0.08823529411765            48
   -0.17647058823530    0.26470588235294    0.08823529411765            24
    0.38235294117647    0.29411764705883    0.08823529411765            24
    0.41176470588236    0.29411764705883    0.08823529411765            48
    0.44117647058823    0.29411764705883    0.08823529411765            48
    0.47058823529412    0.29411764705883    0.08823529411765            48
    0.50000000000000    0.29411764705883    0.08823529411765            48
   -0.47058823529411    0.29411764705883    0.08823529411765            48
   -0.44117647058823    0.29411764705883    0.08823529411765            48
   -0.41176470588235    0.29411764705883    0.08823529411765            48
   -0.38235294117647    0.29411764705883    0.08823529411765            48
   -0.35294117647059    0.29411764705883    0.08823529411765            48
   -0.32352941176470    0.29411764705883    0.08823529411765            48
   -0.29411764705882    0.29411764705883    0.08823529411765            48
   -0.26470588235294    0.29411764705883    0.08823529411765            48
   -0.23529411764706    0.29411764705883    0.08823529411765            48
   -0.20588235294117    0.29411764705883    0.08823529411765            24
    0.41176470588236    0.32352941176470    0.08823529411765            24
    0.44117647058823    0.32352941176470    0.08823529411765            48
    0.47058823529412    0.32352941176470    0.08823529411765            48
    0.50000000000000    0.32352941176470    0.08823529411765            48
   -0.47058823529411    0.32352941176470    0.08823529411765            48
   -0.44117647058823    0.32352941176470    0.08823529411765            48
   -0.41176470588235    0.32352941176470    0.08823529411765            48
   -0.38235294117647    0.32352941176470    0.08823529411765            48
   -0.35294117647059    0.32352941176470    0.08823529411765            48
   -0.32352941176470    0.32352941176470    0.08823529411765            48
   -0.29411764705882    0.32352941176470    0.08823529411765            48
   -0.26470588235294    0.32352941176470    0.08823529411765            48
   -0.23529411764706    0.32352941176470    0.08823529411765            24
    0.44117647058823    0.35294117647059    0.08823529411765            24
    0.47058823529412    0.35294117647059    0.08823529411765            48
    0.50000000000000    0.35294117647059    0.08823529411765            48
   -0.47058823529411    0.35294117647059    0.08823529411765            48
   -0.44117647058823    0.35294117647059    0.08823529411765            48
   -0.41176470588235    0.35294117647059    0.08823529411765            48
   -0.38235294117647    0.35294117647059    0.08823529411765            48
   -0.35294117647059    0.35294117647059    0.08823529411765            48
   -0.32352941176470    0.35294117647059    0.08823529411765            48
   -0.29411764705882    0.35294117647059    0.08823529411765            48
   -0.26470588235294    0.35294117647059    0.08823529411765            24
    0.47058823529412    0.38235294117647    0.08823529411765            24
    0.50000000000000    0.38235294117647    0.08823529411765            48
   -0.47058823529411    0.38235294117647    0.08823529411765            48
   -0.44117647058823    0.38235294117647    0.08823529411765            48
   -0.41176470588235    0.38235294117647    0.08823529411765            48
   -0.38235294117647    0.38235294117647    0.08823529411765            48
   -0.35294117647059    0.38235294117647    0.08823529411765            48
   -0.32352941176470    0.38235294117647    0.08823529411765            48
   -0.29411764705882    0.38235294117647    0.08823529411765            24
    0.50000000000000    0.41176470588236    0.08823529411765            24
   -0.47058823529411    0.41176470588236    0.08823529411765            48
   -0.44117647058823    0.41176470588236    0.08823529411765            48
   -0.41176470588235    0.41176470588236    0.08823529411765            48
   -0.38235294117647    0.41176470588236    0.08823529411765            48
   -0.35294117647059    0.41176470588236    0.08823529411765            48
   -0.32352941176470    0.41176470588236    0.08823529411765            24
   -0.47058823529411    0.44117647058823    0.08823529411765            24
   -0.44117647058823    0.44117647058823    0.08823529411765            48
   -0.41176470588235    0.44117647058823    0.08823529411765            48
   -0.38235294117647    0.44117647058823    0.08823529411765            48
   -0.35294117647059    0.44117647058823    0.08823529411765            24
   -0.44117647058823    0.47058823529412    0.08823529411765            24
   -0.41176470588235    0.47058823529412    0.08823529411765            48
   -0.38235294117647    0.47058823529412    0.08823529411765            24
   -0.41176470588235    0.50000000000000    0.08823529411765            12
    0.35294117647059    0.23529411764706    0.11764705882353            24
    0.38235294117647    0.23529411764706    0.11764705882353            48
    0.41176470588236    0.23529411764706    0.11764705882353            48
    0.44117647058823    0.23529411764706    0.11764705882353            48
    0.47058823529412    0.23529411764706    0.11764705882353            48
    0.50000000000000    0.23529411764706    0.11764705882353            48
   -0.47058823529411    0.23529411764706    0.11764705882353            48
   -0.44117647058823    0.23529411764706    0.11764705882353            48
   -0.41176470588235    0.23529411764706    0.11764705882353            48
   -0.38235294117647    0.23529411764706    0.11764705882353            24
    0.38235294117647    0.26470588235294    0.11764705882353            24
    0.41176470588236    0.26470588235294    0.11764705882353            48
    0.44117647058823    0.26470588235294    0.11764705882353            48
    0.47058823529412    0.26470588235294    0.11764705882353            48
    0.50000000000000    0.26470588235294    0.11764705882353            48
   -0.47058823529411    0.26470588235294    0.11764705882353            48
   -0.44117647058823    0.26470588235294    0.11764705882353            48
   -0.41176470588235    0.26470588235294    0.11764705882353            48
   -0.38235294117647    0.26470588235294    0.11764705882353            48
   -0.35294117647059    0.26470588235294    0.11764705882353            48
   -0.32352941176470    0.26470588235294    0.11764705882353            48
   -0.29411764705882    0.26470588235294    0.11764705882353            48
   -0.26470588235294    0.26470588235294    0.11764705882353            48
   -0.23529411764706    0.26470588235294    0.11764705882353            48
   -0.20588235294117    0.26470588235294    0.11764705882353            48
   -0.17647058823530    0.26470588235294    0.11764705882353            48
   -0.14705882352941    0.26470588235294    0.11764705882353            24
    0.41176470588236    0.29411764705883    0.11764705882353            24
    0.44117647058823    0.29411764705883    0.11764705882353            48
    0.47058823529412    0.29411764705883    0.11764705882353            48
    0.50000000000000    0.29411764705883    0.11764705882353            48
   -0.47058823529411    0.29411764705883    0.11764705882353            48
   -0.44117647058823    0.29411764705883    0.11764705882353            48
   -0.41176470588235    0.29411764705883    0.11764705882353            48
   -0.38235294117647    0.29411764705883    0.11764705882353            48
   -0.35294117647059    0.29411764705883    0.11764705882353            48
   -0.32352941176470    0.29411764705883    0.11764705882353            48
   -0.29411764705882    0.29411764705883    0.11764705882353            48
   -0.26470588235294    0.29411764705883    0.11764705882353            48
   -0.23529411764706    0.29411764705883    0.11764705882353            48
   -0.20588235294117    0.29411764705883    0.11764705882353            48
   -0.17647058823530    0.29411764705883    0.11764705882353            24
    0.44117647058823    0.32352941176470    0.11764705882353            24
    0.47058823529412    0.32352941176470    0.11764705882353            48
    0.50000000000000    0.32352941176470    0.11764705882353            48
   -0.47058823529411    0.32352941176470    0.11764705882353            48
   -0.44117647058823    0.32352941176470    0.11764705882353            48
   -0.41176470588235    0.32352941176470    0.11764705882353            48
   -0.38235294117647    0.32352941176470    0.11764705882353            48
   -0.35294117647059    0.32352941176470    0.11764705882353            48
   -0.32352941176470    0.32352941176470    0.11764705882353            48
   -0.29411764705882    0.32352941176470    0.11764705882353            48
   -0.26470588235294    0.32352941176470    0.11764705882353            48
   -0.23529411764706    0.32352941176470    0.11764705882353            48
   -0.20588235294117    0.32352941176470    0.11764705882353            24
    0.47058823529412    0.35294117647059    0.11764705882353            24
    0.50000000000000    0.35294117647059    0.11764705882353            48
   -0.47058823529411    0.35294117647059    0.11764705882353            48
   -0.44117647058823    0.35294117647059    0.11764705882353            48
   -0.41176470588235    0.35294117647059    0.11764705882353            48
   -0.38235294117647    0.35294117647059    0.11764705882353            48
   -0.35294117647059    0.35294117647059    0.11764705882353            48
   -0.32352941176470    0.35294117647059    0.11764705882353            48
   -0.29411764705882    0.35294117647059    0.11764705882353            48
   -0.26470588235294    0.35294117647059    0.11764705882353            48
   -0.23529411764706    0.35294117647059    0.11764705882353            24
    0.50000000000000    0.38235294117647    0.11764705882353            24
   -0.47058823529411    0.38235294117647    0.11764705882353            48
   -0.44117647058823    0.38235294117647    0.11764705882353            48
   -0.41176470588235    0.38235294117647    0.11764705882353            48
   -0.38235294117647    0.38235294117647    0.11764705882353            48
   -0.35294117647059    0.38235294117647    0.11764705882353            48
   -0.32352941176470    0.38235294117647    0.11764705882353            48
   -0.29411764705882    0.38235294117647    0.11764705882353            48
   -0.26470588235294    0.38235294117647    0.11764705882353            24
   -0.47058823529411    0.41176470588236    0.11764705882353            24
   -0.44117647058823    0.41176470588236    0.11764705882353            48
   -0.41176470588235    0.41176470588236    0.11764705882353            48
   -0.38235294117647    0.41176470588236    0.11764705882353            48
   -0.35294117647059    0.41176470588236    0.11764705882353            48
   -0.32352941176470    0.41176470588236    0.11764705882353            48
   -0.29411764705882    0.41176470588236    0.11764705882353            24
   -0.44117647058823    0.44117647058823    0.11764705882353            24
   -0.41176470588235    0.44117647058823    0.11764705882353            48
   -0.38235294117647    0.44117647058823    0.11764705882353            48
   -0.35294117647059    0.44117647058823    0.11764705882353            48
   -0.32352941176470    0.44117647058823    0.11764705882353            24
   -0.41176470588235    0.47058823529412    0.11764705882353            24
   -0.38235294117647    0.47058823529412    0.11764705882353            48
   -0.35294117647059    0.47058823529412    0.11764705882353            24
   -0.38235294117647    0.50000000000000    0.11764705882353            12
    0.44117647058823    0.29411764705883    0.14705882352941            24
    0.47058823529412    0.29411764705883    0.14705882352941            48
    0.50000000000000    0.29411764705883    0.14705882352941            48
   -0.47058823529411    0.29411764705883    0.14705882352941            48
   -0.44117647058823    0.29411764705883    0.14705882352941            48
   -0.41176470588235    0.29411764705883    0.14705882352941            48
   -0.38235294117647    0.29411764705883    0.14705882352941            48
   -0.35294117647059    0.29411764705883    0.14705882352941            24
    0.47058823529412    0.32352941176470    0.14705882352941            24
    0.50000000000000    0.32352941176470    0.14705882352941            48
   -0.47058823529411    0.32352941176470    0.14705882352941            48
   -0.44117647058823    0.32352941176470    0.14705882352941            48
   -0.41176470588235    0.32352941176470    0.14705882352941            48
   -0.38235294117647    0.32352941176470    0.14705882352941            48
   -0.35294117647059    0.32352941176470    0.14705882352941            48
   -0.32352941176470    0.32352941176470    0.14705882352941            48
   -0.29411764705882    0.32352941176470    0.14705882352941            48
   -0.26470588235294    0.32352941176470    0.14705882352941            48
   -0.23529411764706    0.32352941176470    0.14705882352941            48
   -0.20588235294117    0.32352941176470    0.14705882352941            48
   -0.17647058823530    0.32352941176470    0.14705882352941            24
    0.50000000000000    0.35294117647059    0.14705882352941            24
   -0.47058823529411    0.35294117647059    0.14705882352941            48
   -0.44117647058823    0.35294117647059    0.14705882352941            48
   -0.41176470588235    0.35294117647059    0.14705882352941            48
   -0.38235294117647    0.35294117647059    0.14705882352941            48
   -0.35294117647059    0.35294117647059    0.14705882352941            48
   -0.32352941176470    0.35294117647059    0.14705882352941            48
   -0.29411764705882    0.35294117647059    0.14705882352941            48
   -0.26470588235294    0.35294117647059    0.14705882352941            48
   -0.23529411764706    0.35294117647059    0.14705882352941            48
   -0.20588235294117    0.35294117647059    0.14705882352941            24
   -0.47058823529411    0.38235294117647    0.14705882352941            24
   -0.44117647058823    0.38235294117647    0.14705882352941            48
   -0.41176470588235    0.38235294117647    0.14705882352941            48
   -0.38235294117647    0.38235294117647    0.14705882352941            48
   -0.35294117647059    0.38235294117647    0.14705882352941            48
   -0.32352941176470    0.38235294117647    0.14705882352941            48
   -0.29411764705882    0.38235294117647    0.14705882352941            48
   -0.26470588235294    0.38235294117647    0.14705882352941            48
   -0.23529411764706    0.38235294117647    0.14705882352941            24
   -0.44117647058823    0.41176470588236    0.14705882352941            24
   -0.41176470588235    0.41176470588236    0.14705882352941            48
   -0.38235294117647    0.41176470588236    0.14705882352941            48
   -0.35294117647059    0.41176470588236    0.14705882352941            48
   -0.32352941176470    0.41176470588236    0.14705882352941            48
   -0.29411764705882    0.41176470588236    0.14705882352941            48
   -0.26470588235294    0.41176470588236    0.14705882352941            24
   -0.41176470588235    0.44117647058823    0.14705882352941            24
   -0.38235294117647    0.44117647058823    0.14705882352941            48
   -0.35294117647059    0.44117647058823    0.14705882352941            48
   -0.32352941176470    0.44117647058823    0.14705882352941            48
   -0.29411764705882    0.44117647058823    0.14705882352941            24
   -0.38235294117647    0.47058823529412    0.14705882352941            24
   -0.35294117647059    0.47058823529412    0.14705882352941            48
   -0.32352941176470    0.47058823529412    0.14705882352941            24
   -0.35294117647059    0.50000000000000    0.14705882352941            12
   -0.47058823529411    0.35294117647059    0.17647058823530            24
   -0.44117647058823    0.35294117647059    0.17647058823530            48
   -0.41176470588235    0.35294117647059    0.17647058823530            48
   -0.38235294117647    0.35294117647059    0.17647058823530            48
   -0.35294117647059    0.35294117647059    0.17647058823530            48
   -0.32352941176470    0.35294117647059    0.17647058823530            24
   -0.44117647058823    0.38235294117647    0.17647058823530            24
   -0.41176470588235    0.38235294117647    0.17647058823530            48
   -0.38235294117647    0.38235294117647    0.17647058823530            48
   -0.35294117647059    0.38235294117647    0.17647058823530            48
   -0.32352941176470    0.38235294117647    0.17647058823530            48
   -0.29411764705882    0.38235294117647    0.17647058823530            48
   -0.26470588235294    0.38235294117647    0.17647058823530            48
   -0.23529411764706    0.38235294117647    0.17647058823530            48
   -0.20588235294117    0.38235294117647    0.17647058823530            24
   -0.41176470588235    0.41176470588236    0.17647058823530            24
   -0.38235294117647    0.41176470588236    0.17647058823530            48
   -0.35294117647059    0.41176470588236    0.17647058823530            48
   -0.32352941176470    0.41176470588236    0.17647058823530            48
   -0.29411764705882    0.41176470588236    0.17647058823530            48
   -0.26470588235294    0.41176470588236    0.17647058823530            48
   -0.23529411764706    0.41176470588236    0.17647058823530            24
   -0.38235294117647    0.44117647058823    0.17647058823530            24
   -0.35294117647059    0.44117647058823    0.17647058823530            48
   -0.32352941176470    0.44117647058823    0.17647058823530            48
   -0.29411764705882    0.44117647058823    0.17647058823530            48
   -0.26470588235294    0.44117647058823    0.17647058823530            24
   -0.35294117647059    0.47058823529412    0.17647058823530            24
   -0.32352941176470    0.47058823529412    0.17647058823530            48
   -0.29411764705882    0.47058823529412    0.17647058823530            24
   -0.32352941176470    0.50000000000000    0.17647058823530            12
   -0.38235294117647    0.41176470588236    0.20588235294118            24
   -0.35294117647059    0.41176470588236    0.20588235294118            48
   -0.32352941176470    0.41176470588236    0.20588235294118            48
   -0.29411764705882    0.41176470588236    0.20588235294118            24
   -0.35294117647059    0.44117647058823    0.20588235294118            24
   -0.32352941176470    0.44117647058823    0.20588235294118            48
   -0.29411764705882    0.44117647058823    0.20588235294118            48
   -0.26470588235294    0.44117647058823    0.20588235294118            48
   -0.23529411764706    0.44117647058823    0.20588235294118            24
   -0.32352941176470    0.47058823529412    0.20588235294118            24
   -0.29411764705882    0.47058823529412    0.20588235294118            48
   -0.26470588235294    0.47058823529412    0.20588235294118            24
   -0.29411764705882    0.50000000000000    0.20588235294118            12
   -0.29411764705882    0.47058823529412    0.23529411764706            24
   -0.26470588235294    0.47058823529412    0.23529411764706            24
   -0.26470588235294    0.50000000000000    0.23529411764706            12
