Automatically generated mesh
     511
Reciprocal lattice
    0.00000000000000    0.00000000000000    0.00000000000000             1
    0.03846153846154    0.00000000000000    0.00000000000000            12
    0.07692307692308    0.00000000000000    0.00000000000000            12
    0.11538461538461    0.00000000000000    0.00000000000000            12
    0.15384615384615    0.00000000000000    0.00000000000000            12
    0.19230769230769    0.00000000000000    0.00000000000000            12
    0.23076923076923    0.00000000000000    0.00000000000000            12
    0.26923076923077    0.00000000000000    0.00000000000000            12
    0.30769230769231    0.00000000000000    0.00000000000000            12
    0.34615384615385    0.00000000000000    0.00000000000000            12
    0.38461538461539    0.00000000000000    0.00000000000000            12
    0.42307692307692    0.00000000000000    0.00000000000000            12
    0.46153846153846    0.00000000000000    0.00000000000000            12
    0.50000000000000    0.00000000000000    0.00000000000000             6
    0.03846153846154    0.03846153846154    0.00000000000000            24
    0.07692307692308    0.03846153846154    0.00000000000000            48
    0.11538461538461    0.03846153846154    0.00000000000000            48
    0.15384615384615    0.03846153846154    0.00000000000000            48
    0.19230769230769    0.03846153846154    0.00000000000000            48
    0.23076923076923    0.03846153846154    0.00000000000000            48
    0.26923076923077    0.03846153846154    0.00000000000000            48
    0.30769230769231    0.03846153846154    0.00000000000000            48
    0.34615384615385    0.03846153846154    0.00000000000000            48
    0.38461538461539    0.03846153846154    0.00000000000000            48
    0.42307692307692    0.03846153846154    0.00000000000000            48
    0.46153846153846    0.03846153846154    0.00000000000000            48
    0.07692307692308    0.07692307692308    0.00000000000000            24
    0.11538461538461    0.07692307692308    0.00000000000000            48
    0.15384615384615    0.07692307692308    0.00000000000000            48
    0.19230769230769    0.07692307692308    0.00000000000000            48
    0.23076923076923    0.07692307692308    0.00000000000000            48
    0.26923076923077    0.07692307692308    0.00000000000000            48
    0.30769230769231    0.07692307692308    0.00000000000000            48
    0.34615384615385    0.07692307692308    0.00000000000000            48
    0.38461538461539    0.07692307692308    0.00000000000000            48
    0.42307692307692    0.07692307692308    0.00000000000000            48
    0.46153846153846    0.07692307692308    0.00000000000000            24
    0.11538461538461    0.11538461538461    0.00000000000000            24
    0.15384615384615    0.11538461538461    0.00000000000000            48
    0.19230769230769    0.11538461538461    0.00000000000000            48
    0.23076923076923    0.11538461538461    0.00000000000000            48
    0.26923076923077    0.11538461538461    0.00000000000000            48
    0.30769230769231    0.11538461538461    0.00000000000000            48
    0.34615384615385    0.11538461538461    0.00000000000000            48
    0.38461538461539    0.11538461538461    0.00000000000000            48
    0.42307692307692    0.11538461538461    0.00000000000000            48
    0.15384615384615    0.15384615384615    0.00000000000000            24
    0.19230769230769    0.15384615384615    0.00000000000000            48
    0.23076923076923    0.15384615384615    0.00000000000000            48
    0.26923076923077    0.15384615384615    0.00000000000000            48
    0.30769230769231    0.15384615384615    0.00000000000000            48
    0.34615384615385    0.15384615384615    0.00000000000000            48
    0.38461538461539    0.15384615384615    0.00000000000000            48
    0.42307692307692    0.15384615384615    0.00000000000000            24
    0.19230769230769    0.19230769230769    0.00000000000000            24
    0.23076923076923    0.19230769230769    0.00000000000000            48
    0.26923076923077    0.19230769230769    0.00000000000000            48
    0.30769230769231    0.19230769230769    0.00000000000000            48
    0.34615384615385    0.19230769230769    0.00000000000000            48
    0.38461538461539    0.19230769230769    0.00000000000000            48
    0.23076923076923    0.23076923076923    0.00000000000000            24
    0.26923076923077    0.23076923076923    0.00000000000000            48
    0.30769230769231    0.23076923076923    0.00000000000000            48
    0.34615384615385    0.23076923076923    0.00000000000000            48
    0.38461538461539    0.23076923076923    0.00000000000000            24
    0.26923076923077    0.26923076923077    0.00000000000000            24
    0.30769230769231    0.26923076923077    0.00000000000000            48
    0.34615384615385    0.26923076923077    0.00000000000000            48
    0.30769230769231    0.30769230769231    0.00000000000000            24
    0.34615384615385    0.30769230769231    0.00000000000000            24
    0.03846153846154    0.03846153846154    0.03846153846154             8
    0.07692307692308    0.03846153846154    0.03846153846154            24
    0.11538461538461    0.03846153846154    0.03846153846154            24
    0.15384615384615    0.03846153846154    0.03846153846154            24
    0.19230769230769    0.03846153846154    0.03846153846154            24
    0.23076923076923    0.03846153846154    0.03846153846154            24
    0.26923076923077    0.03846153846154    0.03846153846154            24
    0.30769230769231    0.03846153846154    0.03846153846154            24
    0.34615384615385    0.03846153846154    0.03846153846154            24
    0.38461538461539    0.03846153846154    0.03846153846154            24
    0.42307692307692    0.03846153846154    0.03846153846154            24
    0.46153846153846    0.03846153846154    0.03846153846154            12
   -0.03846153846154    0.03846153846154    0.03846153846154             6
    0.07692307692308    0.07692307692308    0.03846153846154            24
    0.11538461538461    0.07692307692308    0.03846153846154            48
    0.15384615384615    0.07692307692308    0.03846153846154            48
    0.19230769230769    0.07692307692308    0.03846153846154            48
    0.23076923076923    0.07692307692308    0.03846153846154            48
    0.26923076923077    0.07692307692308    0.03846153846154            48
    0.30769230769231    0.07692307692308    0.03846153846154            48
    0.34615384615385    0.07692307692308    0.03846153846154            48
    0.38461538461539    0.07692307692308    0.03846153846154            48
    0.42307692307692    0.07692307692308    0.03846153846154            48
   -0.07692307692308    0.07692307692308    0.03846153846154            24
    0.11538461538461    0.11538461538461    0.03846153846154            24
    0.15384615384615    0.11538461538461    0.03846153846154            48
    0.19230769230769    0.11538461538461    0.03846153846154            48
    0.23076923076923    0.11538461538461    0.03846153846154            48
    0.26923076923077    0.11538461538461    0.03846153846154            48
    0.30769230769231    0.11538461538461    0.03846153846154            48
    0.34615384615385    0.11538461538461    0.03846153846154            48
    0.38461538461539    0.11538461538461    0.03846153846154            48
    0.42307692307692    0.11538461538461    0.03846153846154            24
   -0.11538461538461    0.11538461538461    0.03846153846154            24
   -0.07692307692308    0.11538461538461    0.03846153846154            24
    0.15384615384615    0.15384615384615    0.03846153846154            24
    0.19230769230769    0.15384615384615    0.03846153846154            48
    0.23076923076923    0.15384615384615    0.03846153846154            48
    0.26923076923077    0.15384615384615    0.03846153846154            48
    0.30769230769231    0.15384615384615    0.03846153846154            48
    0.34615384615385    0.15384615384615    0.03846153846154            48
    0.38461538461539    0.15384615384615    0.03846153846154            48
   -0.15384615384615    0.15384615384615    0.03846153846154            24
   -0.11538461538461    0.15384615384615    0.03846153846154            48
    0.19230769230769    0.19230769230769    0.03846153846154            24
    0.23076923076923    0.19230769230769    0.03846153846154            48
    0.26923076923077    0.19230769230769    0.03846153846154            48
    0.30769230769231    0.19230769230769    0.03846153846154            48
    0.34615384615385    0.19230769230769    0.03846153846154            48
    0.38461538461539    0.19230769230769    0.03846153846154            24
   -0.19230769230769    0.19230769230769    0.03846153846154            24
   -0.15384615384615    0.19230769230769    0.03846153846154            48
   -0.11538461538461    0.19230769230769    0.03846153846154            24
    0.23076923076923    0.23076923076923    0.03846153846154            24
    0.26923076923077    0.23076923076923    0.03846153846154            48
    0.30769230769231    0.23076923076923    0.03846153846154            48
    0.34615384615385    0.23076923076923    0.03846153846154            48
   -0.23076923076923    0.23076923076923    0.03846153846154            24
   -0.19230769230769    0.23076923076923    0.03846153846154            48
   -0.15384615384615    0.23076923076923    0.03846153846154            48
    0.26923076923077    0.26923076923077    0.03846153846154            24
    0.30769230769231    0.26923076923077    0.03846153846154            48
    0.34615384615385    0.26923076923077    0.03846153846154            24
   -0.26923076923077    0.26923076923077    0.03846153846154            24
   -0.23076923076923    0.26923076923077    0.03846153846154            48
   -0.19230769230769    0.26923076923077    0.03846153846154            48
   -0.15384615384615    0.26923076923077    0.03846153846154            24
    0.30769230769231    0.30769230769231    0.03846153846154            24
   -0.30769230769231    0.30769230769231    0.03846153846154            24
   -0.26923076923077    0.30769230769231    0.03846153846154            48
   -0.23076923076923    0.30769230769231    0.03846153846154            48
   -0.19230769230769    0.30769230769231    0.03846153846154            48
   -0.34615384615385    0.34615384615385    0.03846153846154            24
   -0.30769230769231    0.34615384615385    0.03846153846154            48
   -0.26923076923077    0.34615384615385    0.03846153846154            48
   -0.23076923076923    0.34615384615385    0.03846153846154            48
   -0.19230769230769    0.34615384615385    0.03846153846154            24
   -0.38461538461539    0.38461538461539    0.03846153846154            24
   -0.34615384615385    0.38461538461539    0.03846153846154            48
   -0.30769230769231    0.38461538461539    0.03846153846154            48
   -0.26923076923077    0.38461538461539    0.03846153846154            48
   -0.23076923076923    0.38461538461539    0.03846153846154            48
   -0.42307692307692    0.42307692307692    0.03846153846154            24
   -0.38461538461539    0.42307692307692    0.03846153846154            48
   -0.34615384615385    0.42307692307692    0.03846153846154            48
   -0.30769230769231    0.42307692307692    0.03846153846154            48
   -0.26923076923077    0.42307692307692    0.03846153846154            48
   -0.23076923076923    0.42307692307692    0.03846153846154            24
   -0.46153846153846    0.46153846153846    0.03846153846154            24
   -0.42307692307692    0.46153846153846    0.03846153846154            48
   -0.38461538461539    0.46153846153846    0.03846153846154            48
   -0.34615384615385    0.46153846153846    0.03846153846154            48
   -0.30769230769231    0.46153846153846    0.03846153846154            48
   -0.26923076923077    0.46153846153846    0.03846153846154            48
    0.50000000000000    0.50000000000000    0.03846153846154            12
   -0.46153846153846    0.50000000000000    0.03846153846154            48
   -0.42307692307692    0.50000000000000    0.03846153846154            48
   -0.38461538461539    0.50000000000000    0.03846153846154            48
   -0.34615384615385    0.50000000000000    0.03846153846154            48
   -0.30769230769231    0.50000000000000    0.03846153846154            48
   -0.26923076923077    0.50000000000000    0.03846153846154            24
   -0.46153846153846   -0.46153846153846    0.03846153846154            24
   -0.42307692307692   -0.46153846153846    0.03846153846154            48
   -0.38461538461539   -0.46153846153846    0.03846153846154            48
   -0.34615384615385   -0.46153846153846    0.03846153846154            48
   -0.30769230769231   -0.46153846153846    0.03846153846154            48
   -0.42307692307692   -0.42307692307692    0.03846153846154            24
   -0.38461538461539   -0.42307692307692    0.03846153846154            48
   -0.34615384615385   -0.42307692307692    0.03846153846154            48
   -0.30769230769231   -0.42307692307692    0.03846153846154            24
   -0.38461538461539   -0.38461538461539    0.03846153846154            24
   -0.34615384615385   -0.38461538461539    0.03846153846154            48
   -0.34615384615385   -0.34615384615385    0.03846153846154             8
    0.07692307692308    0.07692307692308    0.07692307692308             8
    0.11538461538461    0.07692307692308    0.07692307692308            24
    0.15384615384615    0.07692307692308    0.07692307692308            24
    0.19230769230769    0.07692307692308    0.07692307692308            24
    0.23076923076923    0.07692307692308    0.07692307692308            24
    0.26923076923077    0.07692307692308    0.07692307692308            24
    0.30769230769231    0.07692307692308    0.07692307692308            24
    0.34615384615385    0.07692307692308    0.07692307692308            24
    0.38461538461539    0.07692307692308    0.07692307692308            24
    0.42307692307692    0.07692307692308    0.07692307692308            12
   -0.07692307692308    0.07692307692308    0.07692307692308             6
    0.11538461538461    0.11538461538461    0.07692307692308            24
    0.15384615384615    0.11538461538461    0.07692307692308            48
    0.19230769230769    0.11538461538461    0.07692307692308            48
    0.23076923076923    0.11538461538461    0.07692307692308            48
    0.26923076923077    0.11538461538461    0.07692307692308            48
    0.30769230769231    0.11538461538461    0.07692307692308            48
    0.34615384615385    0.11538461538461    0.07692307692308            48
    0.38461538461539    0.11538461538461    0.07692307692308            48
   -0.11538461538461    0.11538461538461    0.07692307692308            24
    0.15384615384615    0.15384615384615    0.07692307692308            24
    0.19230769230769    0.15384615384615    0.07692307692308            48
    0.23076923076923    0.15384615384615    0.07692307692308            48
    0.26923076923077    0.15384615384615    0.07692307692308            48
    0.30769230769231    0.15384615384615    0.07692307692308            48
    0.34615384615385    0.15384615384615    0.07692307692308            48
    0.38461538461539    0.15384615384615    0.07692307692308            24
   -0.15384615384615    0.15384615384615    0.07692307692308            24
   -0.11538461538461    0.15384615384615    0.07692307692308            24
    0.19230769230769    0.19230769230769    0.07692307692308            24
    0.23076923076923    0.19230769230769    0.07692307692308            48
    0.26923076923077    0.19230769230769    0.07692307692308            48
    0.30769230769231    0.19230769230769    0.07692307692308            48
    0.34615384615385    0.19230769230769    0.07692307692308            48
   -0.19230769230769    0.19230769230769    0.07692307692308            24
   -0.15384615384615    0.19230769230769    0.07692307692308            48
    0.23076923076923    0.23076923076923    0.07692307692308            24
    0.26923076923077    0.23076923076923    0.07692307692308            48
    0.30769230769231    0.23076923076923    0.07692307692308            48
    0.34615384615385    0.23076923076923    0.07692307692308            24
   -0.23076923076923    0.23076923076923    0.07692307692308            24
   -0.19230769230769    0.23076923076923    0.07692307692308            48
   -0.15384615384615    0.23076923076923    0.07692307692308            24
    0.26923076923077    0.26923076923077    0.07692307692308            24
    0.30769230769231    0.26923076923077    0.07692307692308            48
   -0.26923076923076    0.26923076923077    0.07692307692308            24
   -0.23076923076923    0.26923076923077    0.07692307692308            48
   -0.19230769230769    0.26923076923077    0.07692307692308            48
    0.30769230769231    0.30769230769231    0.07692307692308             8
   -0.30769230769231    0.30769230769231    0.07692307692308            24
   -0.26923076923077    0.30769230769231    0.07692307692308            48
   -0.23076923076923    0.30769230769231    0.07692307692308            48
   -0.19230769230769    0.30769230769231    0.07692307692308            24
   -0.34615384615385    0.34615384615385    0.07692307692308            24
   -0.30769230769231    0.34615384615385    0.07692307692308            48
   -0.26923076923076    0.34615384615385    0.07692307692308            48
   -0.23076923076923    0.34615384615385    0.07692307692308            48
   -0.38461538461539    0.38461538461539    0.07692307692308            24
   -0.34615384615385    0.38461538461539    0.07692307692308            48
   -0.30769230769231    0.38461538461539    0.07692307692308            48
   -0.26923076923076    0.38461538461539    0.07692307692308            48
   -0.23076923076923    0.38461538461539    0.07692307692308            24
   -0.42307692307692    0.42307692307692    0.07692307692308            24
   -0.38461538461539    0.42307692307692    0.07692307692308            48
   -0.34615384615385    0.42307692307692    0.07692307692308            48
   -0.30769230769231    0.42307692307692    0.07692307692308            48
   -0.26923076923077    0.42307692307692    0.07692307692308            48
   -0.46153846153846    0.46153846153846    0.07692307692308            24
   -0.42307692307692    0.46153846153846    0.07692307692308            48
   -0.38461538461539    0.46153846153846    0.07692307692308            48
   -0.34615384615385    0.46153846153846    0.07692307692308            48
   -0.30769230769231    0.46153846153846    0.07692307692308            48
   -0.26923076923076    0.46153846153846    0.07692307692308            24
    0.50000000000000    0.50000000000000    0.07692307692308            12
   -0.46153846153846    0.50000000000000    0.07692307692308            48
   -0.42307692307692    0.50000000000000    0.07692307692308            48
   -0.38461538461539    0.50000000000000    0.07692307692308            48
   -0.34615384615385    0.50000000000000    0.07692307692308            48
   -0.30769230769231    0.50000000000000    0.07692307692308            48
   -0.46153846153846   -0.46153846153846    0.07692307692308            24
   -0.42307692307692   -0.46153846153846    0.07692307692308            48
   -0.38461538461539   -0.46153846153846    0.07692307692308            48
   -0.34615384615385   -0.46153846153846    0.07692307692308            48
   -0.30769230769231   -0.46153846153846    0.07692307692308            24
   -0.42307692307692   -0.42307692307692    0.07692307692308            24
   -0.38461538461539   -0.42307692307692    0.07692307692308            48
   -0.34615384615385   -0.42307692307692    0.07692307692308            48
   -0.38461538461539   -0.38461538461539    0.07692307692308            24
   -0.34615384615385   -0.38461538461539    0.07692307692308            24
    0.11538461538461    0.11538461538461    0.11538461538461             8
    0.15384615384615    0.11538461538461    0.11538461538461            24
    0.19230769230769    0.11538461538461    0.11538461538461            24
    0.23076923076923    0.11538461538461    0.11538461538461            24
    0.26923076923077    0.11538461538461    0.11538461538461            24
    0.30769230769231    0.11538461538461    0.11538461538461            24
    0.34615384615385    0.11538461538461    0.11538461538461            24
    0.38461538461539    0.11538461538461    0.11538461538461            12
   -0.11538461538461    0.11538461538461    0.11538461538461             6
    0.15384615384615    0.15384615384615    0.11538461538461            24
    0.19230769230769    0.15384615384615    0.11538461538461            48
    0.23076923076923    0.15384615384615    0.11538461538461            48
    0.26923076923077    0.15384615384615    0.11538461538461            48
    0.30769230769231    0.15384615384615    0.11538461538461            48
    0.34615384615385    0.15384615384615    0.11538461538461            48
   -0.15384615384615    0.15384615384615    0.11538461538461            24
    0.19230769230769    0.19230769230769    0.11538461538461            24
    0.23076923076923    0.19230769230769    0.11538461538461            48
    0.26923076923077    0.19230769230769    0.11538461538461            48
    0.30769230769231    0.19230769230769    0.11538461538461            48
    0.34615384615385    0.19230769230769    0.11538461538461            24
   -0.19230769230769    0.19230769230769    0.11538461538461            24
   -0.15384615384615    0.19230769230769    0.11538461538461            24
    0.23076923076923    0.23076923076923    0.11538461538461            24
    0.26923076923077    0.23076923076923    0.11538461538461            48
    0.30769230769231    0.23076923076923    0.11538461538461            48
   -0.23076923076923    0.23076923076923    0.11538461538461            24
   -0.19230769230769    0.23076923076923    0.11538461538461            48
    0.26923076923077    0.26923076923077    0.11538461538461            24
    0.30769230769231    0.26923076923077    0.11538461538461            24
   -0.26923076923077    0.26923076923077    0.11538461538461            24
   -0.23076923076923    0.26923076923077    0.11538461538461            48
   -0.19230769230769    0.26923076923077    0.11538461538461            24
   -0.30769230769231    0.30769230769231    0.11538461538461            24
   -0.26923076923077    0.30769230769231    0.11538461538461            48
   -0.23076923076923    0.30769230769231    0.11538461538461            48
   -0.34615384615385    0.34615384615385    0.11538461538461            24
   -0.30769230769231    0.34615384615385    0.11538461538461            48
   -0.26923076923077    0.34615384615385    0.11538461538461            48
   -0.23076923076923    0.34615384615385    0.11538461538461            24
   -0.38461538461539    0.38461538461539    0.11538461538461            24
   -0.34615384615385    0.38461538461539    0.11538461538461            48
   -0.30769230769231    0.38461538461539    0.11538461538461            48
   -0.26923076923076    0.38461538461539    0.11538461538461            48
   -0.42307692307692    0.42307692307692    0.11538461538461            24
   -0.38461538461539    0.42307692307692    0.11538461538461            48
   -0.34615384615385    0.42307692307692    0.11538461538461            48
   -0.30769230769231    0.42307692307692    0.11538461538461            48
   -0.26923076923076    0.42307692307692    0.11538461538461            24
   -0.46153846153846    0.46153846153846    0.11538461538461            24
   -0.42307692307692    0.46153846153846    0.11538461538461            48
   -0.38461538461539    0.46153846153846    0.11538461538461            48
   -0.34615384615385    0.46153846153846    0.11538461538461            48
   -0.30769230769231    0.46153846153846    0.11538461538461            48
    0.50000000000000    0.50000000000000    0.11538461538461            12
   -0.46153846153846    0.50000000000000    0.11538461538461            48
   -0.42307692307692    0.50000000000000    0.11538461538461            48
   -0.38461538461539    0.50000000000000    0.11538461538461            48
   -0.34615384615385    0.50000000000000    0.11538461538461            48
   -0.30769230769231    0.50000000000000    0.11538461538461            24
   -0.46153846153846   -0.46153846153846    0.11538461538461            24
   -0.42307692307692   -0.46153846153846    0.11538461538461            48
   -0.38461538461539   -0.46153846153846    0.11538461538461            48
   -0.34615384615385   -0.46153846153846    0.11538461538461            48
   -0.42307692307692   -0.42307692307692    0.11538461538461            24
   -0.38461538461539   -0.42307692307692    0.11538461538461            48
   -0.34615384615385   -0.42307692307692    0.11538461538461            24
   -0.38461538461539   -0.38461538461539    0.11538461538461            24
    0.15384615384615    0.15384615384615    0.15384615384615             8
    0.19230769230769    0.15384615384615    0.15384615384615            24
    0.23076923076923    0.15384615384615    0.15384615384615            24
    0.26923076923077    0.15384615384615    0.15384615384615            24
    0.30769230769231    0.15384615384615    0.15384615384615            24
    0.34615384615385    0.15384615384615    0.15384615384615            12
   -0.15384615384615    0.15384615384615    0.15384615384615             6
    0.19230769230769    0.19230769230769    0.15384615384615            24
    0.23076923076923    0.19230769230769    0.15384615384615            48
    0.26923076923077    0.19230769230769    0.15384615384615            48
    0.30769230769231    0.19230769230769    0.15384615384615            48
   -0.19230769230769    0.19230769230769    0.15384615384615            24
    0.23076923076923    0.23076923076923    0.15384615384615            24
    0.26923076923077    0.23076923076923    0.15384615384615            48
    0.30769230769231    0.23076923076923    0.15384615384615            24
   -0.23076923076923    0.23076923076923    0.15384615384615            24
   -0.19230769230769    0.23076923076923    0.15384615384615            24
    0.26923076923077    0.26923076923077    0.15384615384615            24
   -0.26923076923077    0.26923076923077    0.15384615384615            24
   -0.23076923076923    0.26923076923077    0.15384615384615            48
   -0.30769230769231    0.30769230769231    0.15384615384615            24
   -0.26923076923077    0.30769230769231    0.15384615384615            48
   -0.23076923076923    0.30769230769231    0.15384615384615            24
   -0.34615384615385    0.34615384615385    0.15384615384615            24
   -0.30769230769231    0.34615384615385    0.15384615384615            48
   -0.26923076923077    0.34615384615385    0.15384615384615            48
   -0.38461538461539    0.38461538461539    0.15384615384615            24
   -0.34615384615385    0.38461538461539    0.15384615384615            48
   -0.30769230769231    0.38461538461539    0.15384615384615            48
   -0.26923076923077    0.38461538461539    0.15384615384615            24
   -0.42307692307692    0.42307692307692    0.15384615384615            24
   -0.38461538461539    0.42307692307692    0.15384615384615            48
   -0.34615384615385    0.42307692307692    0.15384615384615            48
   -0.30769230769231    0.42307692307692    0.15384615384615            48
   -0.46153846153846    0.46153846153846    0.15384615384615            24
   -0.42307692307692    0.46153846153846    0.15384615384615            48
   -0.38461538461539    0.46153846153846    0.15384615384615            48
   -0.34615384615385    0.46153846153846    0.15384615384615            48
   -0.30769230769231    0.46153846153846    0.15384615384615            24
    0.50000000000000    0.50000000000000    0.15384615384615            12
   -0.46153846153846    0.50000000000000    0.15384615384615            48
   -0.42307692307692    0.50000000000000    0.15384615384615            48
   -0.38461538461539    0.50000000000000    0.15384615384615            48
   -0.34615384615385    0.50000000000000    0.15384615384615            48
   -0.46153846153846   -0.46153846153846    0.15384615384615            24
   -0.42307692307692   -0.46153846153846    0.15384615384615            48
   -0.38461538461539   -0.46153846153846    0.15384615384615            48
   -0.34615384615385   -0.46153846153846    0.15384615384615            24
   -0.42307692307692   -0.42307692307692    0.15384615384615            24
   -0.38461538461539   -0.42307692307692    0.15384615384615            48
   -0.38461538461539   -0.38461538461539    0.15384615384615             8
    0.19230769230769    0.19230769230769    0.19230769230769             8
    0.23076923076923    0.19230769230769    0.19230769230769            24
    0.26923076923077    0.19230769230769    0.19230769230769            24
    0.30769230769231    0.19230769230769    0.19230769230769            12
   -0.19230769230769    0.19230769230769    0.19230769230769             6
    0.23076923076923    0.23076923076923    0.19230769230769            24
    0.26923076923077    0.23076923076923    0.19230769230769            48
   -0.23076923076923    0.23076923076923    0.19230769230769            24
    0.26923076923077    0.26923076923077    0.19230769230769             8
   -0.26923076923077    0.26923076923077    0.19230769230769            24
   -0.23076923076923    0.26923076923077    0.19230769230769            24
   -0.30769230769231    0.30769230769231    0.19230769230769            24
   -0.26923076923077    0.30769230769231    0.19230769230769            48
   -0.34615384615385    0.34615384615385    0.19230769230769            24
   -0.30769230769231    0.34615384615385    0.19230769230769            48
   -0.26923076923077    0.34615384615385    0.19230769230769            24
   -0.38461538461539    0.38461538461539    0.19230769230769            24
   -0.34615384615385    0.38461538461539    0.19230769230769            48
   -0.30769230769231    0.38461538461539    0.19230769230769            48
   -0.42307692307692    0.42307692307692    0.19230769230769            24
   -0.38461538461539    0.42307692307692    0.19230769230769            48
   -0.34615384615385    0.42307692307692    0.19230769230769            48
   -0.30769230769231    0.42307692307692    0.19230769230769            24
   -0.46153846153846    0.46153846153846    0.19230769230769            24
   -0.42307692307692    0.46153846153846    0.19230769230769            48
   -0.38461538461539    0.46153846153846    0.19230769230769            48
   -0.34615384615385    0.46153846153846    0.19230769230769            48
    0.50000000000000    0.50000000000000    0.19230769230769            12
   -0.46153846153846    0.50000000000000    0.19230769230769            48
   -0.42307692307692    0.50000000000000    0.19230769230769            48
   -0.38461538461539    0.50000000000000    0.19230769230769            48
   -0.34615384615385    0.50000000000000    0.19230769230769            24
   -0.46153846153846   -0.46153846153846    0.19230769230769            24
   -0.42307692307692   -0.46153846153846    0.19230769230769            48
   -0.38461538461539   -0.46153846153846    0.19230769230769            48
   -0.42307692307692   -0.42307692307692    0.19230769230769            24
   -0.38461538461539   -0.42307692307692    0.19230769230769            24
    0.23076923076923    0.23076923076923    0.23076923076923             8
    0.26923076923077    0.23076923076923    0.23076923076923            12
   -0.23076923076923    0.23076923076923    0.23076923076923             6
   -0.26923076923077    0.26923076923077    0.23076923076923            24
   -0.30769230769231    0.30769230769231    0.23076923076923            24
   -0.26923076923076    0.30769230769231    0.23076923076923            24
   -0.34615384615385    0.34615384615385    0.23076923076923            24
   -0.30769230769231    0.34615384615385    0.23076923076923            48
   -0.38461538461539    0.38461538461539    0.23076923076923            24
   -0.34615384615385    0.38461538461539    0.23076923076923            48
   -0.30769230769231    0.38461538461539    0.23076923076923            24
   -0.42307692307692    0.42307692307692    0.23076923076923            24
   -0.38461538461539    0.42307692307692    0.23076923076923            48
   -0.34615384615385    0.42307692307692    0.23076923076923            48
   -0.46153846153846    0.46153846153846    0.23076923076923            24
   -0.42307692307692    0.46153846153846    0.23076923076923            48
   -0.38461538461539    0.46153846153846    0.23076923076923            48
   -0.34615384615385    0.46153846153846    0.23076923076923            24
    0.50000000000000    0.50000000000000    0.23076923076923            12
   -0.46153846153846    0.50000000000000    0.23076923076923            48
   -0.42307692307692    0.50000000000000    0.23076923076923            48
   -0.38461538461539    0.50000000000000    0.23076923076923            48
   -0.46153846153846   -0.46153846153846    0.23076923076923            24
   -0.42307692307692   -0.46153846153846    0.23076923076923            48
   -0.38461538461539   -0.46153846153846    0.23076923076923            24
   -0.42307692307692   -0.42307692307692    0.23076923076923            24
   -0.26923076923077    0.26923076923077    0.26923076923077             6
   -0.30769230769231    0.30769230769231    0.26923076923077            24
   -0.34615384615385    0.34615384615385    0.26923076923077            24
   -0.30769230769231    0.34615384615385    0.26923076923077            24
   -0.38461538461539    0.38461538461539    0.26923076923077            24
   -0.34615384615385    0.38461538461539    0.26923076923077            48
   -0.42307692307692    0.42307692307692    0.26923076923077            24
   -0.38461538461539    0.42307692307692    0.26923076923077            48
   -0.34615384615385    0.42307692307692    0.26923076923077            24
   -0.46153846153846    0.46153846153846    0.26923076923077            24
   -0.42307692307692    0.46153846153846    0.26923076923077            48
   -0.38461538461539    0.46153846153846    0.26923076923077            48
    0.50000000000000    0.50000000000000    0.26923076923077            12
   -0.46153846153846    0.50000000000000    0.26923076923077            48
   -0.42307692307692    0.50000000000000    0.26923076923077            48
   -0.38461538461539    0.50000000000000    0.26923076923077            24
   -0.46153846153846   -0.46153846153846    0.26923076923077            24
   -0.42307692307692   -0.46153846153846    0.26923076923077            48
   -0.42307692307692   -0.42307692307692    0.26923076923077             8
   -0.30769230769231    0.30769230769231    0.30769230769231             6
   -0.34615384615385    0.34615384615385    0.30769230769231            24
   -0.38461538461539    0.38461538461539    0.30769230769231            24
   -0.34615384615385    0.38461538461539    0.30769230769231            24
   -0.42307692307692    0.42307692307692    0.30769230769231            24
   -0.38461538461539    0.42307692307692    0.30769230769231            48
   -0.46153846153846    0.46153846153846    0.30769230769231            24
   -0.42307692307692    0.46153846153846    0.30769230769231            48
   -0.38461538461539    0.46153846153846    0.30769230769231            24
    0.50000000000000    0.50000000000000    0.30769230769231            12
   -0.46153846153846    0.50000000000000    0.30769230769231            48
   -0.42307692307692    0.50000000000000    0.30769230769231            48
   -0.46153846153846   -0.46153846153846    0.30769230769231            24
   -0.42307692307692   -0.46153846153846    0.30769230769231            24
   -0.34615384615385    0.34615384615385    0.34615384615385             6
   -0.38461538461539    0.38461538461539    0.34615384615385            24
   -0.42307692307692    0.42307692307692    0.34615384615385            24
   -0.38461538461539    0.42307692307692    0.34615384615385            24
   -0.46153846153846    0.46153846153846    0.34615384615385            24
   -0.42307692307692    0.46153846153846    0.34615384615385            48
    0.50000000000000    0.50000000000000    0.34615384615385            12
   -0.46153846153846    0.50000000000000    0.34615384615385            48
   -0.42307692307692    0.50000000000000    0.34615384615385            24
   -0.46153846153846   -0.46153846153846    0.34615384615385            24
   -0.38461538461539    0.38461538461539    0.38461538461539             6
   -0.42307692307692    0.42307692307692    0.38461538461539            24
   -0.46153846153846    0.46153846153846    0.38461538461539            24
   -0.42307692307692    0.46153846153846    0.38461538461539            24
    0.50000000000000    0.50000000000000    0.38461538461539            12
   -0.46153846153846    0.50000000000000    0.38461538461539            48
   -0.46153846153846   -0.46153846153846    0.38461538461539             8
   -0.42307692307692    0.42307692307692    0.42307692307692             6
   -0.46153846153846    0.46153846153846    0.42307692307692            24
    0.50000000000000    0.50000000000000    0.42307692307692            12
   -0.46153846153846    0.50000000000000    0.42307692307692            24
   -0.46153846153846    0.46153846153846    0.46153846153846             6
    0.50000000000000    0.50000000000000    0.46153846153846            12
    0.50000000000000    0.50000000000000    0.50000000000000             1
