Automatically generated mesh
      16
Reciprocal lattice
    0.00000000000000    0.00000000000000    0.00000000000000             1
    0.33333333333334    0.00000000000000    0.00000000000000             2
    0.00000000000000    0.33333333333334    0.00000000000000             2
    0.33333333333334    0.33333333333334    0.00000000000000             4
    0.00000000000000    0.00000000000000    0.16666666666667             2
    0.33333333333334    0.00000000000000    0.16666666666667             4
    0.00000000000000    0.33333333333334    0.16666666666667             4
    0.33333333333334    0.33333333333334    0.16666666666667             8
    0.00000000000000    0.00000000000000    0.33333333333334             2
    0.33333333333334    0.00000000000000    0.33333333333334             4
    0.00000000000000    0.33333333333334    0.33333333333334             4
    0.33333333333334    0.33333333333334    0.33333333333334             8
    0.00000000000000    0.00000000000000    0.50000000000000             1
    0.33333333333334    0.00000000000000    0.50000000000000             2
    0.00000000000000    0.33333333333334    0.50000000000000             2
    0.33333333333334    0.33333333333334    0.50000000000000             4
