Automatically generated mesh
      69
Reciprocal lattice
    0.00000000000000    0.00000000000000    0.00000000000000             1
    0.20000000000000    0.00000000000000    0.00000000000000             4
    0.40000000000000    0.00000000000000    0.00000000000000             4
    0.20000000000000    0.20000000000000    0.00000000000000             2
    0.40000000000000    0.20000000000000    0.00000000000000             4
   -0.40000000000000    0.20000000000000    0.00000000000000             4
   -0.20000000000000    0.20000000000000    0.00000000000000             2
    0.40000000000000    0.40000000000000    0.00000000000000             2
   -0.40000000000000    0.40000000000000    0.00000000000000             2
    0.00000000000000    0.00000000000000    0.11111111111112             2
    0.20000000000000    0.00000000000000    0.11111111111112             4
    0.40000000000000    0.00000000000000    0.11111111111112             4
   -0.40000000000000    0.00000000000000    0.11111111111112             4
   -0.20000000000000    0.00000000000000    0.11111111111112             4
    0.20000000000000    0.20000000000000    0.11111111111112             2
    0.40000000000000    0.20000000000000    0.11111111111112             4
   -0.40000000000000    0.20000000000000    0.11111111111112             4
   -0.20000000000000    0.20000000000000    0.11111111111112             4
    0.40000000000000    0.40000000000000    0.11111111111112             2
   -0.40000000000000    0.40000000000000    0.11111111111112             4
   -0.20000000000000    0.40000000000000    0.11111111111112             4
   -0.40000000000000   -0.40000000000000    0.11111111111112             2
   -0.20000000000000   -0.40000000000000    0.11111111111112             4
   -0.20000000000000   -0.20000000000000    0.11111111111112             2
    0.00000000000000    0.00000000000000    0.22222222222222             2
    0.20000000000000    0.00000000000000    0.22222222222222             4
    0.40000000000000    0.00000000000000    0.22222222222222             4
   -0.40000000000000    0.00000000000000    0.22222222222222             4
   -0.20000000000000    0.00000000000000    0.22222222222222             4
    0.20000000000000    0.20000000000000    0.22222222222222             2
    0.40000000000000    0.20000000000000    0.22222222222222             4
   -0.40000000000000    0.20000000000000    0.22222222222222             4
   -0.20000000000000    0.20000000000000    0.22222222222222             4
    0.40000000000000    0.40000000000000    0.22222222222222             2
   -0.40000000000000    0.40000000000000    0.22222222222222             4
   -0.20000000000000    0.40000000000000    0.22222222222222             4
   -0.40000000000000   -0.40000000000000    0.22222222222222             2
   -0.20000000000000   -0.40000000000000    0.22222222222222             4
   -0.20000000000000   -0.20000000000000    0.22222222222222             2
    0.00000000000000    0.00000000000000    0.33333333333334             2
    0.20000000000000    0.00000000000000    0.33333333333334             4
    0.40000000000000    0.00000000000000    0.33333333333334             4
   -0.40000000000000    0.00000000000000    0.33333333333334             4
   -0.20000000000000    0.00000000000000    0.33333333333334             4
    0.20000000000000    0.20000000000000    0.33333333333334             2
    0.40000000000000    0.20000000000000    0.33333333333334             4
   -0.40000000000000    0.20000000000000    0.33333333333334             4
   -0.20000000000000    0.20000000000000    0.33333333333334             4
    0.40000000000000    0.40000000000000    0.33333333333334             2
   -0.40000000000000    0.40000000000000    0.33333333333334             4
   -0.20000000000000    0.40000000000000    0.33333333333334             4
   -0.40000000000000   -0.40000000000000    0.33333333333334             2
   -0.20000000000000   -0.40000000000000    0.33333333333334             4
   -0.20000000000000   -0.20000000000000    0.33333333333334             2
    0.00000000000000    0.00000000000000    0.44444444444444             2
    0.20000000000000    0.00000000000000    0.44444444444444             4
    0.40000000000000    0.00000000000000    0.44444444444444             4
   -0.40000000000000    0.00000000000000    0.44444444444444             4
   -0.20000000000000    0.00000000000000    0.44444444444444             4
    0.20000000000000    0.20000000000000    0.44444444444444             2
    0.40000000000000    0.20000000000000    0.44444444444444             4
   -0.40000000000000    0.20000000000000    0.44444444444444             4
   -0.20000000000000    0.20000000000000    0.44444444444444             4
    0.40000000000000    0.40000000000000    0.44444444444444             2
   -0.40000000000000    0.40000000000000    0.44444444444444             4
   -0.20000000000000    0.40000000000000    0.44444444444444             4
   -0.40000000000000   -0.40000000000000    0.44444444444444             2
   -0.20000000000000   -0.40000000000000    0.44444444444444             4
   -0.20000000000000   -0.20000000000000    0.44444444444444             2
