Automatically generated mesh
      40
Reciprocal lattice
    0.00000000000000    0.00000000000000    0.00000000000000             1
    0.16666666666667    0.00000000000000    0.00000000000000             4
    0.33333333333334    0.00000000000000    0.00000000000000             4
    0.50000000000000    0.00000000000000    0.00000000000000             2
    0.16666666666667    0.16666666666667    0.00000000000000             4
    0.33333333333334    0.16666666666667    0.00000000000000             8
    0.50000000000000    0.16666666666667    0.00000000000000             4
    0.33333333333334    0.33333333333334    0.00000000000000             4
    0.50000000000000    0.33333333333334    0.00000000000000             4
    0.50000000000000    0.50000000000000    0.00000000000000             1
    0.00000000000000    0.00000000000000    0.14285714285715             2
    0.16666666666667    0.00000000000000    0.14285714285715             8
    0.33333333333334    0.00000000000000    0.14285714285715             8
    0.50000000000000    0.00000000000000    0.14285714285715             4
    0.16666666666667    0.16666666666667    0.14285714285715             8
    0.33333333333334    0.16666666666667    0.14285714285715            16
    0.50000000000000    0.16666666666667    0.14285714285715             8
    0.33333333333334    0.33333333333334    0.14285714285715             8
    0.50000000000000    0.33333333333334    0.14285714285715             8
    0.50000000000000    0.50000000000000    0.14285714285715             2
    0.00000000000000    0.00000000000000    0.28571428571429             2
    0.16666666666667    0.00000000000000    0.28571428571429             8
    0.33333333333334    0.00000000000000    0.28571428571429             8
    0.50000000000000    0.00000000000000    0.28571428571429             4
    0.16666666666667    0.16666666666667    0.28571428571429             8
    0.33333333333334    0.16666666666667    0.28571428571429            16
    0.50000000000000    0.16666666666667    0.28571428571429             8
    0.33333333333334    0.33333333333334    0.28571428571429             8
    0.50000000000000    0.33333333333334    0.28571428571429             8
    0.50000000000000    0.50000000000000    0.28571428571429             2
    0.00000000000000    0.00000000000000    0.42857142857143             2
    0.16666666666667    0.00000000000000    0.42857142857143             8
    0.33333333333334    0.00000000000000    0.42857142857143             8
    0.50000000000000    0.00000000000000    0.42857142857143             4
    0.16666666666667    0.16666666666667    0.42857142857143             8
    0.33333333333334    0.16666666666667    0.42857142857143            16
    0.50000000000000    0.16666666666667    0.42857142857143             8
    0.33333333333334    0.33333333333334    0.42857142857143             8
    0.50000000000000    0.33333333333334    0.42857142857143             8
    0.50000000000000    0.50000000000000    0.42857142857143             2
