Automatically generated mesh
      76
Reciprocal lattice
    0.00000000000000    0.00000000000000    0.00000000000000             1
    0.08333333333334    0.00000000000000    0.00000000000000             6
    0.16666666666667    0.00000000000000    0.00000000000000             6
    0.25000000000000    0.00000000000000    0.00000000000000             6
    0.33333333333334    0.00000000000000    0.00000000000000             6
    0.41666666666667    0.00000000000000    0.00000000000000             6
    0.50000000000000    0.00000000000000    0.00000000000000             3
    0.08333333333334    0.08333333333334    0.00000000000000             6
    0.16666666666667    0.08333333333334    0.00000000000000            12
    0.25000000000000    0.08333333333334    0.00000000000000            12
    0.33333333333334    0.08333333333334    0.00000000000000            12
    0.41666666666667    0.08333333333334    0.00000000000000            12
    0.16666666666667    0.16666666666667    0.00000000000000             6
    0.25000000000000    0.16666666666667    0.00000000000000            12
    0.33333333333334    0.16666666666667    0.00000000000000            12
    0.41666666666667    0.16666666666667    0.00000000000000             6
    0.25000000000000    0.25000000000000    0.00000000000000             6
    0.33333333333334    0.25000000000000    0.00000000000000            12
    0.33333333333334    0.33333333333334    0.00000000000000             2
    0.00000000000000    0.00000000000000    0.14285714285715             2
    0.08333333333334    0.00000000000000    0.14285714285715            12
    0.16666666666667    0.00000000000000    0.14285714285715            12
    0.25000000000000    0.00000000000000    0.14285714285715            12
    0.33333333333334    0.00000000000000    0.14285714285715            12
    0.41666666666667    0.00000000000000    0.14285714285715            12
    0.50000000000000    0.00000000000000    0.14285714285715             6
    0.08333333333334    0.08333333333334    0.14285714285715            12
    0.16666666666667    0.08333333333334    0.14285714285715            24
    0.25000000000000    0.08333333333334    0.14285714285715            24
    0.33333333333334    0.08333333333334    0.14285714285715            24
    0.41666666666667    0.08333333333334    0.14285714285715            24
    0.16666666666667    0.16666666666667    0.14285714285715            12
    0.25000000000000    0.16666666666667    0.14285714285715            24
    0.33333333333334    0.16666666666667    0.14285714285715            24
    0.41666666666667    0.16666666666667    0.14285714285715            12
    0.25000000000000    0.25000000000000    0.14285714285715            12
    0.33333333333334    0.25000000000000    0.14285714285715            24
    0.33333333333334    0.33333333333334    0.14285714285715             4
    0.00000000000000    0.00000000000000    0.28571428571429             2
    0.08333333333334    0.00000000000000    0.28571428571429            12
    0.16666666666667    0.00000000000000    0.28571428571429            12
    0.25000000000000    0.00000000000000    0.28571428571429            12
    0.33333333333334    0.00000000000000    0.28571428571429            12
    0.41666666666667    0.00000000000000    0.28571428571429            12
    0.50000000000000    0.00000000000000    0.28571428571429             6
    0.08333333333334    0.08333333333334    0.28571428571429            12
    0.16666666666667    0.08333333333334    0.28571428571429            24
    0.25000000000000    0.08333333333334    0.28571428571429            24
    0.33333333333334    0.08333333333334    0.28571428571429            24
    0.41666666666667    0.08333333333334    0.28571428571429            24
    0.16666666666667    0.16666666666667    0.28571428571429            12
    0.25000000000000    0.16666666666667    0.28571428571429            24
    0.33333333333334    0.16666666666667    0.28571428571429            24
    0.41666666666667    0.16666666666667    0.28571428571429            12
    0.25000000000000    0.25000000000000    0.28571428571429            12
    0.33333333333334    0.25000000000000    0.28571428571429            24
    0.33333333333334    0.33333333333334    0.28571428571429             4
    0.00000000000000    0.00000000000000    0.42857142857143             2
    0.08333333333334    0.00000000000000    0.42857142857143            12
    0.16666666666667    0.00000000000000    0.42857142857143            12
    0.25000000000000    0.00000000000000    0.42857142857143            12
    0.33333333333334    0.00000000000000    0.42857142857143            12
    0.41666666666667    0.00000000000000    0.42857142857143            12
    0.50000000000000    0.00000000000000    0.42857142857143             6
    0.08333333333334    0.08333333333334    0.42857142857143            12
    0.16666666666667    0.08333333333334    0.42857142857143            24
    0.25000000000000    0.08333333333334    0.42857142857143            24
    0.33333333333334    0.08333333333334    0.42857142857143            24
    0.41666666666667    0.08333333333334    0.42857142857143            24
    0.16666666666667    0.16666666666667    0.42857142857143            12
    0.25000000000000    0.16666666666667    0.42857142857143            24
    0.33333333333334    0.16666666666667    0.42857142857143            24
    0.41666666666667    0.16666666666667    0.42857142857143            12
    0.25000000000000    0.25000000000000    0.42857142857143            12
    0.33333333333334    0.25000000000000    0.42857142857143            24
    0.33333333333334    0.33333333333334    0.42857142857143             4
