Automatically generated mesh
      16
Reciprocal lattice
    0.00000000000000    0.00000000000000    0.00000000000000             1
    0.16666666666667    0.00000000000000    0.00000000000000            12
    0.33333333333334    0.00000000000000    0.00000000000000            12
    0.50000000000000    0.00000000000000    0.00000000000000             6
    0.16666666666667    0.16666666666667    0.00000000000000            24
    0.33333333333334    0.16666666666667    0.00000000000000            48
    0.33333333333334    0.33333333333334    0.00000000000000             8
    0.16666666666667    0.16666666666667    0.16666666666667             8
    0.33333333333334    0.16666666666667    0.16666666666667            12
   -0.16666666666666    0.16666666666667    0.16666666666667             6
   -0.33333333333333    0.33333333333334    0.16666666666667            24
    0.50000000000000    0.50000000000000    0.16666666666667            12
   -0.33333333333333    0.50000000000000    0.16666666666667            24
   -0.33333333333333    0.33333333333334    0.33333333333334             6
    0.50000000000000    0.50000000000000    0.33333333333334            12
    0.50000000000000    0.50000000000000    0.50000000000000             1
