Automatically generated mesh
     624
Reciprocal lattice
    0.00000000000000    0.00000000000000    0.00000000000000             1
    0.03571428571429    0.00000000000000    0.00000000000000             8
    0.07142857142857    0.00000000000000    0.00000000000000             8
    0.10714285714286    0.00000000000000    0.00000000000000             8
    0.14285714285715    0.00000000000000    0.00000000000000             8
    0.17857142857143    0.00000000000000    0.00000000000000             8
    0.21428571428572    0.00000000000000    0.00000000000000             8
    0.25000000000000    0.00000000000000    0.00000000000000             8
    0.28571428571429    0.00000000000000    0.00000000000000             8
    0.32142857142857    0.00000000000000    0.00000000000000             8
    0.35714285714286    0.00000000000000    0.00000000000000             8
    0.39285714285715    0.00000000000000    0.00000000000000             8
    0.42857142857143    0.00000000000000    0.00000000000000             8
    0.46428571428572    0.00000000000000    0.00000000000000             8
    0.50000000000000    0.00000000000000    0.00000000000000             4
    0.03571428571429    0.03571428571429    0.00000000000000             6
    0.07142857142857    0.03571428571429    0.00000000000000            24
    0.10714285714286    0.03571428571429    0.00000000000000            24
    0.14285714285715    0.03571428571429    0.00000000000000            24
    0.17857142857143    0.03571428571429    0.00000000000000            24
    0.21428571428572    0.03571428571429    0.00000000000000            24
    0.25000000000000    0.03571428571429    0.00000000000000            24
    0.28571428571429    0.03571428571429    0.00000000000000            24
    0.32142857142857    0.03571428571429    0.00000000000000            24
    0.35714285714286    0.03571428571429    0.00000000000000            24
    0.39285714285715    0.03571428571429    0.00000000000000            24
    0.42857142857143    0.03571428571429    0.00000000000000            24
    0.46428571428572    0.03571428571429    0.00000000000000            24
    0.50000000000000    0.03571428571429    0.00000000000000            24
   -0.46428571428571    0.03571428571429    0.00000000000000            24
   -0.42857142857143    0.03571428571429    0.00000000000000            24
   -0.39285714285714    0.03571428571429    0.00000000000000            24
   -0.35714285714285    0.03571428571429    0.00000000000000            24
   -0.32142857142857    0.03571428571429    0.00000000000000            24
   -0.28571428571428    0.03571428571429    0.00000000000000            24
   -0.25000000000000    0.03571428571429    0.00000000000000            24
   -0.21428571428571    0.03571428571429    0.00000000000000            24
   -0.17857142857143    0.03571428571429    0.00000000000000            24
   -0.14285714285714    0.03571428571429    0.00000000000000            24
   -0.10714285714285    0.03571428571429    0.00000000000000            24
   -0.07142857142857    0.03571428571429    0.00000000000000            24
   -0.03571428571428    0.03571428571429    0.00000000000000            12
    0.07142857142857    0.07142857142857    0.00000000000000             6
    0.10714285714286    0.07142857142857    0.00000000000000            24
    0.14285714285715    0.07142857142857    0.00000000000000            24
    0.17857142857143    0.07142857142857    0.00000000000000            24
    0.21428571428572    0.07142857142857    0.00000000000000            24
    0.25000000000000    0.07142857142857    0.00000000000000            24
    0.28571428571429    0.07142857142857    0.00000000000000            24
    0.32142857142857    0.07142857142857    0.00000000000000            24
    0.35714285714286    0.07142857142857    0.00000000000000            24
    0.39285714285715    0.07142857142857    0.00000000000000            24
    0.42857142857143    0.07142857142857    0.00000000000000            24
    0.46428571428572    0.07142857142857    0.00000000000000            24
    0.50000000000000    0.07142857142857    0.00000000000000            24
   -0.46428571428571    0.07142857142857    0.00000000000000            24
   -0.42857142857143    0.07142857142857    0.00000000000000            24
   -0.39285714285714    0.07142857142857    0.00000000000000            24
   -0.35714285714285    0.07142857142857    0.00000000000000            24
   -0.32142857142857    0.07142857142857    0.00000000000000            24
   -0.28571428571428    0.07142857142857    0.00000000000000            24
   -0.25000000000000    0.07142857142857    0.00000000000000            24
   -0.21428571428571    0.07142857142857    0.00000000000000            24
   -0.17857142857143    0.07142857142857    0.00000000000000            24
   -0.14285714285714    0.07142857142857    0.00000000000000            24
   -0.10714285714285    0.07142857142857    0.00000000000000            24
   -0.07142857142857    0.07142857142857    0.00000000000000            12
    0.10714285714286    0.10714285714286    0.00000000000000             6
    0.14285714285715    0.10714285714286    0.00000000000000            24
    0.17857142857143    0.10714285714286    0.00000000000000            24
    0.21428571428572    0.10714285714286    0.00000000000000            24
    0.25000000000000    0.10714285714286    0.00000000000000            24
    0.28571428571429    0.10714285714286    0.00000000000000            24
    0.32142857142857    0.10714285714286    0.00000000000000            24
    0.35714285714286    0.10714285714286    0.00000000000000            24
    0.39285714285715    0.10714285714286    0.00000000000000            24
    0.42857142857143    0.10714285714286    0.00000000000000            24
    0.46428571428572    0.10714285714286    0.00000000000000            24
    0.50000000000000    0.10714285714286    0.00000000000000            24
   -0.46428571428571    0.10714285714286    0.00000000000000            24
   -0.42857142857143    0.10714285714286    0.00000000000000            24
   -0.39285714285714    0.10714285714286    0.00000000000000            24
   -0.35714285714285    0.10714285714286    0.00000000000000            24
   -0.32142857142857    0.10714285714286    0.00000000000000            24
   -0.28571428571428    0.10714285714286    0.00000000000000            24
   -0.25000000000000    0.10714285714286    0.00000000000000            24
   -0.21428571428571    0.10714285714286    0.00000000000000            24
   -0.17857142857143    0.10714285714286    0.00000000000000            24
   -0.14285714285714    0.10714285714286    0.00000000000000            24
   -0.10714285714285    0.10714285714286    0.00000000000000            12
    0.14285714285715    0.14285714285715    0.00000000000000             6
    0.17857142857143    0.14285714285715    0.00000000000000            24
    0.21428571428572    0.14285714285715    0.00000000000000            24
    0.25000000000000    0.14285714285715    0.00000000000000            24
    0.28571428571429    0.14285714285715    0.00000000000000            24
    0.32142857142857    0.14285714285715    0.00000000000000            24
    0.35714285714286    0.14285714285715    0.00000000000000            24
    0.39285714285715    0.14285714285715    0.00000000000000            24
    0.42857142857143    0.14285714285715    0.00000000000000            24
    0.46428571428572    0.14285714285715    0.00000000000000            24
    0.50000000000000    0.14285714285715    0.00000000000000            24
   -0.46428571428571    0.14285714285715    0.00000000000000            24
   -0.42857142857143    0.14285714285715    0.00000000000000            24
   -0.39285714285714    0.14285714285715    0.00000000000000            24
   -0.35714285714285    0.14285714285715    0.00000000000000            24
   -0.32142857142857    0.14285714285715    0.00000000000000            24
   -0.28571428571428    0.14285714285715    0.00000000000000            24
   -0.25000000000000    0.14285714285715    0.00000000000000            24
   -0.21428571428571    0.14285714285715    0.00000000000000            24
   -0.17857142857143    0.14285714285715    0.00000000000000            24
   -0.14285714285714    0.14285714285715    0.00000000000000            12
    0.17857142857143    0.17857142857143    0.00000000000000             6
    0.21428571428572    0.17857142857143    0.00000000000000            24
    0.25000000000000    0.17857142857143    0.00000000000000            24
    0.28571428571429    0.17857142857143    0.00000000000000            24
    0.32142857142857    0.17857142857143    0.00000000000000            24
    0.35714285714286    0.17857142857143    0.00000000000000            24
    0.39285714285715    0.17857142857143    0.00000000000000            24
    0.42857142857143    0.17857142857143    0.00000000000000            24
    0.46428571428572    0.17857142857143    0.00000000000000            24
    0.50000000000000    0.17857142857143    0.00000000000000            24
   -0.46428571428571    0.17857142857143    0.00000000000000            24
   -0.42857142857143    0.17857142857143    0.00000000000000            24
   -0.39285714285714    0.17857142857143    0.00000000000000            24
   -0.35714285714285    0.17857142857143    0.00000000000000            24
   -0.32142857142857    0.17857142857143    0.00000000000000            24
   -0.28571428571428    0.17857142857143    0.00000000000000            24
   -0.25000000000000    0.17857142857143    0.00000000000000            24
   -0.21428571428571    0.17857142857143    0.00000000000000            24
   -0.17857142857143    0.17857142857143    0.00000000000000            12
    0.21428571428572    0.21428571428572    0.00000000000000             6
    0.25000000000000    0.21428571428572    0.00000000000000            24
    0.28571428571429    0.21428571428572    0.00000000000000            24
    0.32142857142857    0.21428571428572    0.00000000000000            24
    0.35714285714286    0.21428571428572    0.00000000000000            24
    0.39285714285715    0.21428571428572    0.00000000000000            24
    0.42857142857143    0.21428571428572    0.00000000000000            24
    0.46428571428572    0.21428571428572    0.00000000000000            24
    0.50000000000000    0.21428571428572    0.00000000000000            24
   -0.46428571428571    0.21428571428572    0.00000000000000            24
   -0.42857142857143    0.21428571428572    0.00000000000000            24
   -0.39285714285714    0.21428571428572    0.00000000000000            24
   -0.35714285714285    0.21428571428572    0.00000000000000            24
   -0.32142857142857    0.21428571428572    0.00000000000000            24
   -0.28571428571428    0.21428571428572    0.00000000000000            24
   -0.25000000000000    0.21428571428572    0.00000000000000            24
   -0.21428571428571    0.21428571428572    0.00000000000000            12
    0.25000000000000    0.25000000000000    0.00000000000000             6
    0.28571428571429    0.25000000000000    0.00000000000000            24
    0.32142857142857    0.25000000000000    0.00000000000000            24
    0.35714285714286    0.25000000000000    0.00000000000000            24
    0.39285714285715    0.25000000000000    0.00000000000000            24
    0.42857142857143    0.25000000000000    0.00000000000000            24
    0.46428571428572    0.25000000000000    0.00000000000000            24
    0.50000000000000    0.25000000000000    0.00000000000000            24
   -0.46428571428571    0.25000000000000    0.00000000000000            24
   -0.42857142857143    0.25000000000000    0.00000000000000            24
   -0.39285714285714    0.25000000000000    0.00000000000000            24
   -0.35714285714285    0.25000000000000    0.00000000000000            24
   -0.32142857142857    0.25000000000000    0.00000000000000            24
   -0.28571428571428    0.25000000000000    0.00000000000000            24
   -0.25000000000000    0.25000000000000    0.00000000000000            12
    0.28571428571429    0.28571428571429    0.00000000000000             6
    0.32142857142857    0.28571428571429    0.00000000000000            24
    0.35714285714286    0.28571428571429    0.00000000000000            24
    0.39285714285715    0.28571428571429    0.00000000000000            24
    0.42857142857143    0.28571428571429    0.00000000000000            24
    0.46428571428572    0.28571428571429    0.00000000000000            24
    0.50000000000000    0.28571428571429    0.00000000000000            24
   -0.46428571428571    0.28571428571429    0.00000000000000            24
   -0.42857142857143    0.28571428571429    0.00000000000000            24
   -0.39285714285714    0.28571428571429    0.00000000000000            24
   -0.35714285714285    0.28571428571429    0.00000000000000            24
   -0.32142857142857    0.28571428571429    0.00000000000000            24
   -0.28571428571428    0.28571428571429    0.00000000000000            12
    0.32142857142857    0.32142857142857    0.00000000000000             6
    0.35714285714286    0.32142857142857    0.00000000000000            24
    0.39285714285715    0.32142857142857    0.00000000000000            24
    0.42857142857143    0.32142857142857    0.00000000000000            24
    0.46428571428572    0.32142857142857    0.00000000000000            24
    0.50000000000000    0.32142857142857    0.00000000000000            24
   -0.46428571428571    0.32142857142857    0.00000000000000            24
   -0.42857142857143    0.32142857142857    0.00000000000000            24
   -0.39285714285714    0.32142857142857    0.00000000000000            24
   -0.35714285714285    0.32142857142857    0.00000000000000            24
   -0.32142857142857    0.32142857142857    0.00000000000000            12
    0.35714285714286    0.35714285714286    0.00000000000000             6
    0.39285714285715    0.35714285714286    0.00000000000000            24
    0.42857142857143    0.35714285714286    0.00000000000000            24
    0.46428571428572    0.35714285714286    0.00000000000000            24
    0.50000000000000    0.35714285714286    0.00000000000000            24
   -0.46428571428571    0.35714285714286    0.00000000000000            24
   -0.42857142857143    0.35714285714286    0.00000000000000            24
   -0.39285714285714    0.35714285714286    0.00000000000000            24
   -0.35714285714285    0.35714285714286    0.00000000000000            12
    0.39285714285715    0.39285714285715    0.00000000000000             6
    0.42857142857143    0.39285714285715    0.00000000000000            24
    0.46428571428572    0.39285714285715    0.00000000000000            24
    0.50000000000000    0.39285714285715    0.00000000000000            24
   -0.46428571428571    0.39285714285715    0.00000000000000            24
   -0.42857142857143    0.39285714285715    0.00000000000000            24
   -0.39285714285714    0.39285714285715    0.00000000000000            12
    0.42857142857143    0.42857142857143    0.00000000000000             6
    0.46428571428572    0.42857142857143    0.00000000000000            24
    0.50000000000000    0.42857142857143    0.00000000000000            24
   -0.46428571428571    0.42857142857143    0.00000000000000            24
   -0.42857142857143    0.42857142857143    0.00000000000000            12
    0.46428571428572    0.46428571428572    0.00000000000000             6
    0.50000000000000    0.46428571428572    0.00000000000000            24
   -0.46428571428571    0.46428571428572    0.00000000000000            12
    0.50000000000000    0.50000000000000    0.00000000000000             3
    0.10714285714286    0.07142857142857    0.03571428571429            24
    0.14285714285715    0.07142857142857    0.03571428571429            48
    0.17857142857143    0.07142857142857    0.03571428571429            48
    0.21428571428572    0.07142857142857    0.03571428571429            48
    0.25000000000000    0.07142857142857    0.03571428571429            48
    0.28571428571429    0.07142857142857    0.03571428571429            48
    0.32142857142857    0.07142857142857    0.03571428571429            48
    0.35714285714286    0.07142857142857    0.03571428571429            48
    0.39285714285715    0.07142857142857    0.03571428571429            48
    0.42857142857143    0.07142857142857    0.03571428571429            48
    0.46428571428572    0.07142857142857    0.03571428571429            48
    0.50000000000000    0.07142857142857    0.03571428571429            48
   -0.46428571428571    0.07142857142857    0.03571428571429            24
    0.14285714285715    0.10714285714286    0.03571428571429            24
    0.17857142857143    0.10714285714286    0.03571428571429            48
    0.21428571428572    0.10714285714286    0.03571428571429            48
    0.25000000000000    0.10714285714286    0.03571428571429            48
    0.28571428571429    0.10714285714286    0.03571428571429            48
    0.32142857142857    0.10714285714286    0.03571428571429            48
    0.35714285714286    0.10714285714286    0.03571428571429            48
    0.39285714285715    0.10714285714286    0.03571428571429            48
    0.42857142857143    0.10714285714286    0.03571428571429            48
    0.46428571428572    0.10714285714286    0.03571428571429            48
    0.50000000000000    0.10714285714286    0.03571428571429            48
   -0.46428571428571    0.10714285714286    0.03571428571429            48
   -0.42857142857143    0.10714285714286    0.03571428571429            48
   -0.39285714285714    0.10714285714286    0.03571428571429            48
   -0.35714285714285    0.10714285714286    0.03571428571429            48
   -0.32142857142857    0.10714285714286    0.03571428571429            48
   -0.28571428571428    0.10714285714286    0.03571428571429            48
   -0.25000000000000    0.10714285714286    0.03571428571429            48
   -0.21428571428571    0.10714285714286    0.03571428571429            48
   -0.17857142857143    0.10714285714286    0.03571428571429            48
   -0.14285714285714    0.10714285714286    0.03571428571429            48
   -0.10714285714285    0.10714285714286    0.03571428571429            48
   -0.07142857142857    0.10714285714286    0.03571428571429            24
    0.17857142857143    0.14285714285715    0.03571428571429            24
    0.21428571428572    0.14285714285715    0.03571428571429            48
    0.25000000000000    0.14285714285715    0.03571428571429            48
    0.28571428571429    0.14285714285715    0.03571428571429            48
    0.32142857142857    0.14285714285715    0.03571428571429            48
    0.35714285714286    0.14285714285715    0.03571428571429            48
    0.39285714285715    0.14285714285715    0.03571428571429            48
    0.42857142857143    0.14285714285715    0.03571428571429            48
    0.46428571428572    0.14285714285715    0.03571428571429            48
    0.50000000000000    0.14285714285715    0.03571428571429            48
   -0.46428571428571    0.14285714285715    0.03571428571429            48
   -0.42857142857143    0.14285714285715    0.03571428571429            48
   -0.39285714285714    0.14285714285715    0.03571428571429            48
   -0.35714285714285    0.14285714285715    0.03571428571429            48
   -0.32142857142857    0.14285714285715    0.03571428571429            48
   -0.28571428571428    0.14285714285715    0.03571428571429            48
   -0.25000000000000    0.14285714285715    0.03571428571429            48
   -0.21428571428571    0.14285714285715    0.03571428571429            48
   -0.17857142857143    0.14285714285715    0.03571428571429            48
   -0.14285714285714    0.14285714285715    0.03571428571429            48
   -0.10714285714285    0.14285714285715    0.03571428571429            24
    0.21428571428572    0.17857142857143    0.03571428571429            24
    0.25000000000000    0.17857142857143    0.03571428571429            48
    0.28571428571429    0.17857142857143    0.03571428571429            48
    0.32142857142857    0.17857142857143    0.03571428571429            48
    0.35714285714286    0.17857142857143    0.03571428571429            48
    0.39285714285715    0.17857142857143    0.03571428571429            48
    0.42857142857143    0.17857142857143    0.03571428571429            48
    0.46428571428572    0.17857142857143    0.03571428571429            48
    0.50000000000000    0.17857142857143    0.03571428571429            48
   -0.46428571428571    0.17857142857143    0.03571428571429            48
   -0.42857142857143    0.17857142857143    0.03571428571429            48
   -0.39285714285714    0.17857142857143    0.03571428571429            48
   -0.35714285714285    0.17857142857143    0.03571428571429            48
   -0.32142857142857    0.17857142857143    0.03571428571429            48
   -0.28571428571428    0.17857142857143    0.03571428571429            48
   -0.25000000000000    0.17857142857143    0.03571428571429            48
   -0.21428571428571    0.17857142857143    0.03571428571429            48
   -0.17857142857143    0.17857142857143    0.03571428571429            48
   -0.14285714285714    0.17857142857143    0.03571428571429            24
    0.25000000000000    0.21428571428572    0.03571428571429            24
    0.28571428571429    0.21428571428572    0.03571428571429            48
    0.32142857142857    0.21428571428572    0.03571428571429            48
    0.35714285714286    0.21428571428572    0.03571428571429            48
    0.39285714285715    0.21428571428572    0.03571428571429            48
    0.42857142857143    0.21428571428572    0.03571428571429            48
    0.46428571428572    0.21428571428572    0.03571428571429            48
    0.50000000000000    0.21428571428572    0.03571428571429            48
   -0.46428571428571    0.21428571428572    0.03571428571429            48
   -0.42857142857143    0.21428571428572    0.03571428571429            48
   -0.39285714285714    0.21428571428572    0.03571428571429            48
   -0.35714285714285    0.21428571428572    0.03571428571429            48
   -0.32142857142857    0.21428571428572    0.03571428571429            48
   -0.28571428571428    0.21428571428572    0.03571428571429            48
   -0.25000000000000    0.21428571428572    0.03571428571429            48
   -0.21428571428571    0.21428571428572    0.03571428571429            48
   -0.17857142857143    0.21428571428572    0.03571428571429            24
    0.28571428571429    0.25000000000000    0.03571428571429            24
    0.32142857142857    0.25000000000000    0.03571428571429            48
    0.35714285714286    0.25000000000000    0.03571428571429            48
    0.39285714285715    0.25000000000000    0.03571428571429            48
    0.42857142857143    0.25000000000000    0.03571428571429            48
    0.46428571428572    0.25000000000000    0.03571428571429            48
    0.50000000000000    0.25000000000000    0.03571428571429            48
   -0.46428571428571    0.25000000000000    0.03571428571429            48
   -0.42857142857143    0.25000000000000    0.03571428571429            48
   -0.39285714285714    0.25000000000000    0.03571428571429            48
   -0.35714285714285    0.25000000000000    0.03571428571429            48
   -0.32142857142857    0.25000000000000    0.03571428571429            48
   -0.28571428571428    0.25000000000000    0.03571428571429            48
   -0.25000000000000    0.25000000000000    0.03571428571429            48
   -0.21428571428571    0.25000000000000    0.03571428571429            24
    0.32142857142857    0.28571428571429    0.03571428571429            24
    0.35714285714286    0.28571428571429    0.03571428571429            48
    0.39285714285715    0.28571428571429    0.03571428571429            48
    0.42857142857143    0.28571428571429    0.03571428571429            48
    0.46428571428572    0.28571428571429    0.03571428571429            48
    0.50000000000000    0.28571428571429    0.03571428571429            48
   -0.46428571428571    0.28571428571429    0.03571428571429            48
   -0.42857142857143    0.28571428571429    0.03571428571429            48
   -0.39285714285714    0.28571428571429    0.03571428571429            48
   -0.35714285714285    0.28571428571429    0.03571428571429            48
   -0.32142857142857    0.28571428571429    0.03571428571429            48
   -0.28571428571428    0.28571428571429    0.03571428571429            48
   -0.25000000000000    0.28571428571429    0.03571428571429            24
    0.35714285714286    0.32142857142857    0.03571428571429            24
    0.39285714285715    0.32142857142857    0.03571428571429            48
    0.42857142857143    0.32142857142857    0.03571428571429            48
    0.46428571428572    0.32142857142857    0.03571428571429            48
    0.50000000000000    0.32142857142857    0.03571428571429            48
   -0.46428571428571    0.32142857142857    0.03571428571429            48
   -0.42857142857143    0.32142857142857    0.03571428571429            48
   -0.39285714285714    0.32142857142857    0.03571428571429            48
   -0.35714285714285    0.32142857142857    0.03571428571429            48
   -0.32142857142857    0.32142857142857    0.03571428571429            48
   -0.28571428571428    0.32142857142857    0.03571428571429            24
    0.39285714285715    0.35714285714286    0.03571428571429            24
    0.42857142857143    0.35714285714286    0.03571428571429            48
    0.46428571428572    0.35714285714286    0.03571428571429            48
    0.50000000000000    0.35714285714286    0.03571428571429            48
   -0.46428571428571    0.35714285714286    0.03571428571429            48
   -0.42857142857143    0.35714285714286    0.03571428571429            48
   -0.39285714285714    0.35714285714286    0.03571428571429            48
   -0.35714285714285    0.35714285714286    0.03571428571429            48
   -0.32142857142857    0.35714285714286    0.03571428571429            24
    0.42857142857143    0.39285714285715    0.03571428571429            24
    0.46428571428572    0.39285714285715    0.03571428571429            48
    0.50000000000000    0.39285714285715    0.03571428571429            48
   -0.46428571428571    0.39285714285715    0.03571428571429            48
   -0.42857142857143    0.39285714285715    0.03571428571429            48
   -0.39285714285714    0.39285714285715    0.03571428571429            48
   -0.35714285714285    0.39285714285715    0.03571428571429            24
    0.46428571428572    0.42857142857143    0.03571428571429            24
    0.50000000000000    0.42857142857143    0.03571428571429            48
   -0.46428571428571    0.42857142857143    0.03571428571429            48
   -0.42857142857143    0.42857142857143    0.03571428571429            48
   -0.39285714285714    0.42857142857143    0.03571428571429            24
    0.50000000000000    0.46428571428572    0.03571428571429            24
   -0.46428571428571    0.46428571428572    0.03571428571429            48
   -0.42857142857143    0.46428571428572    0.03571428571429            24
   -0.46428571428571    0.50000000000000    0.03571428571429            12
    0.21428571428572    0.14285714285715    0.07142857142857            24
    0.25000000000000    0.14285714285715    0.07142857142857            48
    0.28571428571429    0.14285714285715    0.07142857142857            48
    0.32142857142857    0.14285714285715    0.07142857142857            48
    0.35714285714286    0.14285714285715    0.07142857142857            48
    0.39285714285715    0.14285714285715    0.07142857142857            48
    0.42857142857143    0.14285714285715    0.07142857142857            48
    0.46428571428572    0.14285714285715    0.07142857142857            48
    0.50000000000000    0.14285714285715    0.07142857142857            48
   -0.46428571428571    0.14285714285715    0.07142857142857            48
   -0.42857142857143    0.14285714285715    0.07142857142857            24
    0.25000000000000    0.17857142857143    0.07142857142857            24
    0.28571428571429    0.17857142857143    0.07142857142857            48
    0.32142857142857    0.17857142857143    0.07142857142857            48
    0.35714285714286    0.17857142857143    0.07142857142857            48
    0.39285714285715    0.17857142857143    0.07142857142857            48
    0.42857142857143    0.17857142857143    0.07142857142857            48
    0.46428571428572    0.17857142857143    0.07142857142857            48
    0.50000000000000    0.17857142857143    0.07142857142857            48
   -0.46428571428571    0.17857142857143    0.07142857142857            48
   -0.42857142857143    0.17857142857143    0.07142857142857            48
   -0.39285714285714    0.17857142857143    0.07142857142857            48
   -0.35714285714285    0.17857142857143    0.07142857142857            48
   -0.32142857142857    0.17857142857143    0.07142857142857            48
   -0.28571428571428    0.17857142857143    0.07142857142857            48
   -0.25000000000000    0.17857142857143    0.07142857142857            48
   -0.21428571428571    0.17857142857143    0.07142857142857            48
   -0.17857142857143    0.17857142857143    0.07142857142857            48
   -0.14285714285714    0.17857142857143    0.07142857142857            48
   -0.10714285714285    0.17857142857143    0.07142857142857            24
    0.28571428571429    0.21428571428572    0.07142857142857            24
    0.32142857142857    0.21428571428572    0.07142857142857            48
    0.35714285714286    0.21428571428572    0.07142857142857            48
    0.39285714285715    0.21428571428572    0.07142857142857            48
    0.42857142857143    0.21428571428572    0.07142857142857            48
    0.46428571428572    0.21428571428572    0.07142857142857            48
    0.50000000000000    0.21428571428572    0.07142857142857            48
   -0.46428571428571    0.21428571428572    0.07142857142857            48
   -0.42857142857143    0.21428571428572    0.07142857142857            48
   -0.39285714285714    0.21428571428572    0.07142857142857            48
   -0.35714285714285    0.21428571428572    0.07142857142857            48
   -0.32142857142857    0.21428571428572    0.07142857142857            48
   -0.28571428571428    0.21428571428572    0.07142857142857            48
   -0.25000000000000    0.21428571428572    0.07142857142857            48
   -0.21428571428571    0.21428571428572    0.07142857142857            48
   -0.17857142857143    0.21428571428572    0.07142857142857            48
   -0.14285714285714    0.21428571428572    0.07142857142857            24
    0.32142857142857    0.25000000000000    0.07142857142857            24
    0.35714285714286    0.25000000000000    0.07142857142857            48
    0.39285714285715    0.25000000000000    0.07142857142857            48
    0.42857142857143    0.25000000000000    0.07142857142857            48
    0.46428571428572    0.25000000000000    0.07142857142857            48
    0.50000000000000    0.25000000000000    0.07142857142857            48
   -0.46428571428571    0.25000000000000    0.07142857142857            48
   -0.42857142857143    0.25000000000000    0.07142857142857            48
   -0.39285714285714    0.25000000000000    0.07142857142857            48
   -0.35714285714285    0.25000000000000    0.07142857142857            48
   -0.32142857142857    0.25000000000000    0.07142857142857            48
   -0.28571428571428    0.25000000000000    0.07142857142857            48
   -0.25000000000000    0.25000000000000    0.07142857142857            48
   -0.21428571428571    0.25000000000000    0.07142857142857            48
   -0.17857142857143    0.25000000000000    0.07142857142857            24
    0.35714285714286    0.28571428571429    0.07142857142857            24
    0.39285714285715    0.28571428571429    0.07142857142857            48
    0.42857142857143    0.28571428571429    0.07142857142857            48
    0.46428571428572    0.28571428571429    0.07142857142857            48
    0.50000000000000    0.28571428571429    0.07142857142857            48
   -0.46428571428571    0.28571428571429    0.07142857142857            48
   -0.42857142857143    0.28571428571429    0.07142857142857            48
   -0.39285714285714    0.28571428571429    0.07142857142857            48
   -0.35714285714285    0.28571428571429    0.07142857142857            48
   -0.32142857142857    0.28571428571429    0.07142857142857            48
   -0.28571428571428    0.28571428571429    0.07142857142857            48
   -0.25000000000000    0.28571428571429    0.07142857142857            48
   -0.21428571428571    0.28571428571429    0.07142857142857            24
    0.39285714285715    0.32142857142857    0.07142857142857            24
    0.42857142857143    0.32142857142857    0.07142857142857            48
    0.46428571428572    0.32142857142857    0.07142857142857            48
    0.50000000000000    0.32142857142857    0.07142857142857            48
   -0.46428571428571    0.32142857142857    0.07142857142857            48
   -0.42857142857143    0.32142857142857    0.07142857142857            48
   -0.39285714285714    0.32142857142857    0.07142857142857            48
   -0.35714285714285    0.32142857142857    0.07142857142857            48
   -0.32142857142857    0.32142857142857    0.07142857142857            48
   -0.28571428571428    0.32142857142857    0.07142857142857            48
   -0.25000000000000    0.32142857142857    0.07142857142857            24
    0.42857142857143    0.35714285714286    0.07142857142857            24
    0.46428571428572    0.35714285714286    0.07142857142857            48
    0.50000000000000    0.35714285714286    0.07142857142857            48
   -0.46428571428571    0.35714285714286    0.07142857142857            48
   -0.42857142857143    0.35714285714286    0.07142857142857            48
   -0.39285714285714    0.35714285714286    0.07142857142857            48
   -0.35714285714285    0.35714285714286    0.07142857142857            48
   -0.32142857142857    0.35714285714286    0.07142857142857            48
   -0.28571428571428    0.35714285714286    0.07142857142857            24
    0.46428571428572    0.39285714285715    0.07142857142857            24
    0.50000000000000    0.39285714285715    0.07142857142857            48
   -0.46428571428571    0.39285714285715    0.07142857142857            48
   -0.42857142857143    0.39285714285715    0.07142857142857            48
   -0.39285714285714    0.39285714285715    0.07142857142857            48
   -0.35714285714285    0.39285714285715    0.07142857142857            48
   -0.32142857142857    0.39285714285715    0.07142857142857            24
    0.50000000000000    0.42857142857143    0.07142857142857            24
   -0.46428571428571    0.42857142857143    0.07142857142857            48
   -0.42857142857143    0.42857142857143    0.07142857142857            48
   -0.39285714285714    0.42857142857143    0.07142857142857            48
   -0.35714285714285    0.42857142857143    0.07142857142857            24
   -0.46428571428571    0.46428571428572    0.07142857142857            24
   -0.42857142857143    0.46428571428572    0.07142857142857            48
   -0.39285714285714    0.46428571428572    0.07142857142857            24
   -0.42857142857143    0.50000000000000    0.07142857142857            12
    0.32142857142857    0.21428571428572    0.10714285714286            24
    0.35714285714286    0.21428571428572    0.10714285714286            48
    0.39285714285715    0.21428571428572    0.10714285714286            48
    0.42857142857143    0.21428571428572    0.10714285714286            48
    0.46428571428572    0.21428571428572    0.10714285714286            48
    0.50000000000000    0.21428571428572    0.10714285714286            48
   -0.46428571428571    0.21428571428572    0.10714285714286            48
   -0.42857142857143    0.21428571428572    0.10714285714286            48
   -0.39285714285714    0.21428571428572    0.10714285714286            24
    0.35714285714286    0.25000000000000    0.10714285714286            24
    0.39285714285715    0.25000000000000    0.10714285714286            48
    0.42857142857143    0.25000000000000    0.10714285714286            48
    0.46428571428572    0.25000000000000    0.10714285714286            48
    0.50000000000000    0.25000000000000    0.10714285714286            48
   -0.46428571428571    0.25000000000000    0.10714285714286            48
   -0.42857142857143    0.25000000000000    0.10714285714286            48
   -0.39285714285714    0.25000000000000    0.10714285714286            48
   -0.35714285714285    0.25000000000000    0.10714285714286            48
   -0.32142857142857    0.25000000000000    0.10714285714286            48
   -0.28571428571428    0.25000000000000    0.10714285714286            48
   -0.25000000000000    0.25000000000000    0.10714285714286            48
   -0.21428571428571    0.25000000000000    0.10714285714286            48
   -0.17857142857143    0.25000000000000    0.10714285714286            48
   -0.14285714285714    0.25000000000000    0.10714285714286            24
    0.39285714285715    0.28571428571429    0.10714285714286            24
    0.42857142857143    0.28571428571429    0.10714285714286            48
    0.46428571428572    0.28571428571429    0.10714285714286            48
    0.50000000000000    0.28571428571429    0.10714285714286            48
   -0.46428571428571    0.28571428571429    0.10714285714286            48
   -0.42857142857143    0.28571428571429    0.10714285714286            48
   -0.39285714285714    0.28571428571429    0.10714285714286            48
   -0.35714285714285    0.28571428571429    0.10714285714286            48
   -0.32142857142857    0.28571428571429    0.10714285714286            48
   -0.28571428571428    0.28571428571429    0.10714285714286            48
   -0.25000000000000    0.28571428571429    0.10714285714286            48
   -0.21428571428571    0.28571428571429    0.10714285714286            48
   -0.17857142857143    0.28571428571429    0.10714285714286            24
    0.42857142857143    0.32142857142857    0.10714285714286            24
    0.46428571428572    0.32142857142857    0.10714285714286            48
    0.50000000000000    0.32142857142857    0.10714285714286            48
   -0.46428571428571    0.32142857142857    0.10714285714286            48
   -0.42857142857143    0.32142857142857    0.10714285714286            48
   -0.39285714285714    0.32142857142857    0.10714285714286            48
   -0.35714285714285    0.32142857142857    0.10714285714286            48
   -0.32142857142857    0.32142857142857    0.10714285714286            48
   -0.28571428571428    0.32142857142857    0.10714285714286            48
   -0.25000000000000    0.32142857142857    0.10714285714286            48
   -0.21428571428571    0.32142857142857    0.10714285714286            24
    0.46428571428572    0.35714285714286    0.10714285714286            24
    0.50000000000000    0.35714285714286    0.10714285714286            48
   -0.46428571428571    0.35714285714286    0.10714285714286            48
   -0.42857142857143    0.35714285714286    0.10714285714286            48
   -0.39285714285714    0.35714285714286    0.10714285714286            48
   -0.35714285714285    0.35714285714286    0.10714285714286            48
   -0.32142857142857    0.35714285714286    0.10714285714286            48
   -0.28571428571428    0.35714285714286    0.10714285714286            48
   -0.25000000000000    0.35714285714286    0.10714285714286            24
    0.50000000000000    0.39285714285715    0.10714285714286            24
   -0.46428571428571    0.39285714285715    0.10714285714286            48
   -0.42857142857143    0.39285714285715    0.10714285714286            48
   -0.39285714285714    0.39285714285715    0.10714285714286            48
   -0.35714285714285    0.39285714285715    0.10714285714286            48
   -0.32142857142857    0.39285714285715    0.10714285714286            48
   -0.28571428571428    0.39285714285715    0.10714285714286            24
   -0.46428571428571    0.42857142857143    0.10714285714286            24
   -0.42857142857143    0.42857142857143    0.10714285714286            48
   -0.39285714285714    0.42857142857143    0.10714285714286            48
   -0.35714285714285    0.42857142857143    0.10714285714286            48
   -0.32142857142857    0.42857142857143    0.10714285714286            24
   -0.42857142857143    0.46428571428572    0.10714285714286            24
   -0.39285714285714    0.46428571428572    0.10714285714286            48
   -0.35714285714285    0.46428571428572    0.10714285714286            24
   -0.39285714285714    0.50000000000000    0.10714285714286            12
    0.42857142857143    0.28571428571429    0.14285714285715            24
    0.46428571428572    0.28571428571429    0.14285714285715            48
    0.50000000000000    0.28571428571429    0.14285714285715            48
   -0.46428571428571    0.28571428571429    0.14285714285715            48
   -0.42857142857143    0.28571428571429    0.14285714285715            48
   -0.39285714285714    0.28571428571429    0.14285714285715            48
   -0.35714285714285    0.28571428571429    0.14285714285715            24
    0.46428571428572    0.32142857142857    0.14285714285715            24
    0.50000000000000    0.32142857142857    0.14285714285715            48
   -0.46428571428571    0.32142857142857    0.14285714285715            48
   -0.42857142857143    0.32142857142857    0.14285714285715            48
   -0.39285714285714    0.32142857142857    0.14285714285715            48
   -0.35714285714285    0.32142857142857    0.14285714285715            48
   -0.32142857142857    0.32142857142857    0.14285714285715            48
   -0.28571428571428    0.32142857142857    0.14285714285715            48
   -0.25000000000000    0.32142857142857    0.14285714285715            48
   -0.21428571428571    0.32142857142857    0.14285714285715            48
   -0.17857142857143    0.32142857142857    0.14285714285715            24
    0.50000000000000    0.35714285714286    0.14285714285715            24
   -0.46428571428571    0.35714285714286    0.14285714285715            48
   -0.42857142857143    0.35714285714286    0.14285714285715            48
   -0.39285714285714    0.35714285714286    0.14285714285715            48
   -0.35714285714285    0.35714285714286    0.14285714285715            48
   -0.32142857142857    0.35714285714286    0.14285714285715            48
   -0.28571428571428    0.35714285714286    0.14285714285715            48
   -0.25000000000000    0.35714285714286    0.14285714285715            48
   -0.21428571428571    0.35714285714286    0.14285714285715            24
   -0.46428571428571    0.39285714285715    0.14285714285715            24
   -0.42857142857143    0.39285714285715    0.14285714285715            48
   -0.39285714285714    0.39285714285715    0.14285714285715            48
   -0.35714285714285    0.39285714285715    0.14285714285715            48
   -0.32142857142857    0.39285714285715    0.14285714285715            48
   -0.28571428571428    0.39285714285715    0.14285714285715            48
   -0.25000000000000    0.39285714285715    0.14285714285715            24
   -0.42857142857143    0.42857142857143    0.14285714285715            24
   -0.39285714285714    0.42857142857143    0.14285714285715            48
   -0.35714285714285    0.42857142857143    0.14285714285715            48
   -0.32142857142857    0.42857142857143    0.14285714285715            48
   -0.28571428571428    0.42857142857143    0.14285714285715            24
   -0.39285714285714    0.46428571428572    0.14285714285715            24
   -0.35714285714285    0.46428571428572    0.14285714285715            48
   -0.32142857142857    0.46428571428572    0.14285714285715            24
   -0.35714285714285    0.50000000000000    0.14285714285715            12
   -0.46428571428571    0.35714285714286    0.17857142857143            24
   -0.42857142857143    0.35714285714286    0.17857142857143            48
   -0.39285714285714    0.35714285714286    0.17857142857143            48
   -0.35714285714285    0.35714285714286    0.17857142857143            48
   -0.32142857142857    0.35714285714286    0.17857142857143            24
   -0.42857142857143    0.39285714285715    0.17857142857143            24
   -0.39285714285714    0.39285714285715    0.17857142857143            48
   -0.35714285714285    0.39285714285715    0.17857142857143            48
   -0.32142857142857    0.39285714285715    0.17857142857143            48
   -0.28571428571428    0.39285714285715    0.17857142857143            48
   -0.25000000000000    0.39285714285715    0.17857142857143            48
   -0.21428571428571    0.39285714285715    0.17857142857143            24
   -0.39285714285714    0.42857142857143    0.17857142857143            24
   -0.35714285714285    0.42857142857143    0.17857142857143            48
   -0.32142857142857    0.42857142857143    0.17857142857143            48
   -0.28571428571428    0.42857142857143    0.17857142857143            48
   -0.25000000000000    0.42857142857143    0.17857142857143            24
   -0.35714285714285    0.46428571428572    0.17857142857143            24
   -0.32142857142857    0.46428571428572    0.17857142857143            48
   -0.28571428571428    0.46428571428572    0.17857142857143            24
   -0.32142857142857    0.50000000000000    0.17857142857143            12
   -0.35714285714285    0.42857142857143    0.21428571428572            24
   -0.32142857142857    0.42857142857143    0.21428571428572            48
   -0.28571428571428    0.42857142857143    0.21428571428572            24
   -0.32142857142857    0.46428571428572    0.21428571428572            24
   -0.28571428571428    0.46428571428572    0.21428571428572            48
   -0.25000000000000    0.46428571428572    0.21428571428572            24
   -0.28571428571428    0.50000000000000    0.21428571428572            12
   -0.25000000000000    0.50000000000000    0.25000000000000             6
