Automatically generated mesh
     140
Reciprocal lattice
    0.00000000000000    0.00000000000000    0.00000000000000             1
    0.16666666666667    0.00000000000000    0.00000000000000             2
    0.33333333333334    0.00000000000000    0.00000000000000             2
    0.50000000000000    0.00000000000000    0.00000000000000             1
    0.00000000000000    0.11111111111112    0.00000000000000             4
    0.16666666666667    0.11111111111112    0.00000000000000             4
    0.33333333333334    0.11111111111112    0.00000000000000             4
    0.50000000000000    0.11111111111112    0.00000000000000             4
   -0.33333333333333    0.11111111111112    0.00000000000000             4
   -0.16666666666666    0.11111111111112    0.00000000000000             4
    0.00000000000000    0.22222222222222    0.00000000000000             4
    0.16666666666667    0.22222222222222    0.00000000000000             4
    0.33333333333334    0.22222222222222    0.00000000000000             4
    0.50000000000000    0.22222222222222    0.00000000000000             4
   -0.33333333333333    0.22222222222222    0.00000000000000             4
   -0.16666666666666    0.22222222222222    0.00000000000000             4
    0.00000000000000    0.33333333333334    0.00000000000000             4
    0.16666666666667    0.33333333333334    0.00000000000000             4
    0.33333333333334    0.33333333333334    0.00000000000000             4
    0.50000000000000    0.33333333333334    0.00000000000000             4
   -0.33333333333333    0.33333333333334    0.00000000000000             4
   -0.16666666666666    0.33333333333334    0.00000000000000             4
    0.00000000000000    0.44444444444444    0.00000000000000             4
    0.16666666666667    0.44444444444444    0.00000000000000             4
    0.33333333333334    0.44444444444444    0.00000000000000             4
    0.50000000000000    0.44444444444444    0.00000000000000             4
   -0.33333333333333    0.44444444444444    0.00000000000000             4
   -0.16666666666666    0.44444444444444    0.00000000000000             4
    0.00000000000000    0.11111111111112    0.11111111111112             2
    0.16666666666667    0.11111111111112    0.11111111111112             2
    0.33333333333334    0.11111111111112    0.11111111111112             2
    0.50000000000000    0.11111111111112    0.11111111111112             2
   -0.33333333333333    0.11111111111112    0.11111111111112             2
   -0.16666666666666    0.11111111111112    0.11111111111112             2
    0.00000000000000    0.22222222222222    0.11111111111112             4
    0.16666666666667    0.22222222222222    0.11111111111112             4
    0.33333333333334    0.22222222222222    0.11111111111112             4
    0.50000000000000    0.22222222222222    0.11111111111112             4
   -0.33333333333333    0.22222222222222    0.11111111111112             4
   -0.16666666666666    0.22222222222222    0.11111111111112             4
    0.00000000000000    0.33333333333334    0.11111111111112             4
    0.16666666666667    0.33333333333334    0.11111111111112             4
    0.33333333333334    0.33333333333334    0.11111111111112             4
    0.50000000000000    0.33333333333334    0.11111111111112             4
   -0.33333333333333    0.33333333333334    0.11111111111112             4
   -0.16666666666666    0.33333333333334    0.11111111111112             4
    0.00000000000000    0.44444444444444    0.11111111111112             4
    0.16666666666667    0.44444444444444    0.11111111111112             4
    0.33333333333334    0.44444444444444    0.11111111111112             4
    0.50000000000000    0.44444444444444    0.11111111111112             4
   -0.33333333333333    0.44444444444444    0.11111111111112             4
   -0.16666666666666    0.44444444444444    0.11111111111112             4
    0.00000000000000   -0.44444444444444    0.11111111111112             4
    0.16666666666667   -0.44444444444444    0.11111111111112             4
    0.33333333333334   -0.44444444444444    0.11111111111112             4
    0.50000000000000   -0.44444444444444    0.11111111111112             4
   -0.33333333333333   -0.44444444444444    0.11111111111112             4
   -0.16666666666666   -0.44444444444444    0.11111111111112             4
    0.00000000000000   -0.33333333333333    0.11111111111112             4
    0.16666666666667   -0.33333333333333    0.11111111111112             4
    0.33333333333334   -0.33333333333333    0.11111111111112             4
    0.50000000000000   -0.33333333333333    0.11111111111112             4
   -0.33333333333333   -0.33333333333333    0.11111111111112             4
   -0.16666666666666   -0.33333333333333    0.11111111111112             4
    0.00000000000000   -0.22222222222222    0.11111111111112             4
    0.16666666666667   -0.22222222222222    0.11111111111112             4
    0.33333333333334   -0.22222222222222    0.11111111111112             4
    0.50000000000000   -0.22222222222222    0.11111111111112             4
   -0.33333333333333   -0.22222222222222    0.11111111111112             4
   -0.16666666666666   -0.22222222222222    0.11111111111112             4
    0.00000000000000   -0.11111111111111    0.11111111111112             2
    0.16666666666667   -0.11111111111111    0.11111111111112             4
    0.33333333333334   -0.11111111111111    0.11111111111112             4
    0.50000000000000   -0.11111111111111    0.11111111111112             2
    0.00000000000000    0.22222222222222    0.22222222222222             2
    0.16666666666667    0.22222222222222    0.22222222222222             2
    0.33333333333334    0.22222222222222    0.22222222222222             2
    0.50000000000000    0.22222222222222    0.22222222222222             2
   -0.33333333333333    0.22222222222222    0.22222222222222             2
   -0.16666666666666    0.22222222222222    0.22222222222222             2
    0.00000000000000    0.33333333333334    0.22222222222222             4
    0.16666666666667    0.33333333333334    0.22222222222222             4
    0.33333333333334    0.33333333333334    0.22222222222222             4
    0.50000000000000    0.33333333333334    0.22222222222222             4
   -0.33333333333333    0.33333333333334    0.22222222222222             4
   -0.16666666666666    0.33333333333334    0.22222222222222             4
    0.00000000000000    0.44444444444444    0.22222222222222             4
    0.16666666666667    0.44444444444444    0.22222222222222             4
    0.33333333333334    0.44444444444444    0.22222222222222             4
    0.50000000000000    0.44444444444444    0.22222222222222             4
   -0.33333333333333    0.44444444444444    0.22222222222222             4
   -0.16666666666666    0.44444444444444    0.22222222222222             4
    0.00000000000000   -0.44444444444444    0.22222222222222             4
    0.16666666666667   -0.44444444444444    0.22222222222222             4
    0.33333333333334   -0.44444444444444    0.22222222222222             4
    0.50000000000000   -0.44444444444444    0.22222222222222             4
   -0.33333333333333   -0.44444444444444    0.22222222222222             4
   -0.16666666666666   -0.44444444444444    0.22222222222222             4
    0.00000000000000   -0.33333333333333    0.22222222222222             4
    0.16666666666667   -0.33333333333333    0.22222222222222             4
    0.33333333333334   -0.33333333333333    0.22222222222222             4
    0.50000000000000   -0.33333333333333    0.22222222222222             4
   -0.33333333333333   -0.33333333333333    0.22222222222222             4
   -0.16666666666666   -0.33333333333333    0.22222222222222             4
    0.00000000000000   -0.22222222222222    0.22222222222222             2
    0.16666666666667   -0.22222222222222    0.22222222222222             4
    0.33333333333334   -0.22222222222222    0.22222222222222             4
    0.50000000000000   -0.22222222222222    0.22222222222222             2
    0.00000000000000    0.33333333333334    0.33333333333334             2
    0.16666666666667    0.33333333333334    0.33333333333334             2
    0.33333333333334    0.33333333333334    0.33333333333334             2
    0.50000000000000    0.33333333333334    0.33333333333334             2
   -0.33333333333333    0.33333333333334    0.33333333333334             2
   -0.16666666666666    0.33333333333334    0.33333333333334             2
    0.00000000000000    0.44444444444444    0.33333333333334             4
    0.16666666666667    0.44444444444444    0.33333333333334             4
    0.33333333333334    0.44444444444444    0.33333333333334             4
    0.50000000000000    0.44444444444444    0.33333333333334             4
   -0.33333333333333    0.44444444444444    0.33333333333334             4
   -0.16666666666666    0.44444444444444    0.33333333333334             4
    0.00000000000000   -0.44444444444444    0.33333333333334             4
    0.16666666666667   -0.44444444444444    0.33333333333334             4
    0.33333333333334   -0.44444444444444    0.33333333333334             4
    0.50000000000000   -0.44444444444444    0.33333333333334             4
   -0.33333333333333   -0.44444444444444    0.33333333333334             4
   -0.16666666666666   -0.44444444444444    0.33333333333334             4
    0.00000000000000   -0.33333333333333    0.33333333333334             2
    0.16666666666667   -0.33333333333333    0.33333333333334             4
    0.33333333333334   -0.33333333333333    0.33333333333334             4
    0.50000000000000   -0.33333333333333    0.33333333333334             2
    0.00000000000000    0.44444444444444    0.44444444444444             2
    0.16666666666667    0.44444444444444    0.44444444444444             2
    0.33333333333334    0.44444444444444    0.44444444444444             2
    0.50000000000000    0.44444444444444    0.44444444444444             2
   -0.33333333333333    0.44444444444444    0.44444444444444             2
   -0.16666666666666    0.44444444444444    0.44444444444444             2
    0.00000000000000   -0.44444444444444    0.44444444444444             2
    0.16666666666667   -0.44444444444444    0.44444444444444             4
    0.33333333333334   -0.44444444444444    0.44444444444444             4
    0.50000000000000   -0.44444444444444    0.44444444444444             2
